Mplus VERSION 8.4 (Mac)
MUTHEN & MUTHEN
04/06/2020  12:43 PM

INPUT INSTRUCTIONS

  TITLE:
   Eid 2003 data: T=4, N=494, P=2, C=2
        Model 3 - RI Continuous
  DATA:
  FILE = "/Users/agarber/Desktop/RI-LTA_Muthen20/mood_mplus/m1_mood.dat";

  VARIABLE:
  NAMES = u11 u12 u21 u22 u31 u32 u41 u42 freq;
   MISSING=.;
   usev = u11-u42;
        freqweight = freq;
        categorical = u11-u42;
        classes = c1(2) c2(2) c3(2) c4(2);
  ANALYSIS:
  type = mixture;
        proc = 8;
        starts = 400 100;
   algorithm = integration;
        integration = 30;
  MODEL:
   %OVERALL%

     ! Stationarity imposed:
      [c2#1 - c4#1] (p0);

      c4#1 on c3#1 (pt);
      c3#1 on c2#1 (pt);
      c2#1 on c1#1 (pt);

      f by u11-u12* (p1-p2)
           u21-u22* (p1-p2)
           u31-u32* (p1-p2)
           u41-u42* (p1-p2);
      f@1; [f@0];

      MODEL c1:
        	%c1#1%
        	[u11$1] (1);   [u12$1] (2);
        	%c1#2%
        	[u11$1] (11);  [u12$1] (12);
        	
      MODEL c2: 	
        	%c2#1%
        	[u21$1] (1);  [u22$1] (2);
        	%c2#2%
        	[u21$1] (11); [u22$1] (12);
        	
      MODEL c3:
          %c3#1%
        	[u31$1] (1);  [u32$1] (2);
        	%c3#2%
        	[u31$1] (11); [u32$1] (12);

      MODEL c4:
          %c4#1%
        	[u41$1] (1);  [u42$1] (2);
        	%c4#2%
        	[u41$1] (11); [u42$1] (12);
  OUTPUT:
  tech1 tech15;
   tech8;



INPUT READING TERMINATED NORMALLY




Eid 2003 data: T=4, N=494, P=2, C=2
Model 3 - RI Continuous

SUMMARY OF ANALYSIS

Number of groups                                                 1
Number of observations                                         494
Number of patterns                                             256

Number of dependent variables                                    8
Number of independent variables                                  0
Number of continuous latent variables                            1
Number of categorical latent variables                           4

Observed dependent variables

  Binary and ordered categorical (ordinal)
   U11         U12         U21         U22         U31         U32
   U41         U42

Continuous latent variables
   F

Categorical latent variables
   C1          C2          C3          C4

Variables with special functions

  Weight variable       FREQ

Estimator                                                      MLR
Information matrix                                        OBSERVED
Optimization Specifications for the Quasi-Newton Algorithm for
Continuous Outcomes
  Maximum number of iterations                                 100
  Convergence criterion                                  0.100D-05
Optimization Specifications for the EM Algorithm
  Maximum number of iterations                                 500
  Convergence criteria
    Loglikelihood change                                 0.100D-02
    Relative loglikelihood change                        0.100D-05
    Derivative                                           0.100D-02
Optimization Specifications for the M step of the EM Algorithm for
Categorical Latent variables
  Number of M step iterations                                    1
  M step convergence criterion                           0.100D-02
  Basis for M step termination                           ITERATION
Optimization Specifications for the M step of the EM Algorithm for
Censored, Binary or Ordered Categorical (Ordinal), Unordered
Categorical (Nominal) and Count Outcomes
  Number of M step iterations                                    1
  M step convergence criterion                           0.100D-02
  Basis for M step termination                           ITERATION
  Maximum value for logit thresholds                            15
  Minimum value for logit thresholds                           -15
  Minimum expected cell size for chi-square              0.100D-01
Maximum number of iterations for H1                           2000
Convergence criterion for H1                             0.100D-03
Optimization algorithm                                         EMA
Integration Specifications
  Type                                                    STANDARD
  Number of integration points                                  30
  Dimensions of numerical integration                            1
  Adaptive quadrature                                           ON
Random Starts Specifications
  Number of initial stage random starts                        400
  Number of final stage optimizations                          100
  Number of initial stage iterations                            10
  Initial stage convergence criterion                    0.100D+01
  Random starts scale                                    0.500D+01
  Random seed for generating random starts                       0
Parameterization                                             LOGIT
Link                                                         LOGIT
Cholesky                                                        ON

Input data file(s)
  /Users/agarber/Desktop/RI-LTA_Muthen20/mood_mplus/m1_mood.dat
Input data format  FREE


SUMMARY OF DATA

     Number of missing data patterns             1
     Number of y missing data patterns           0
     Number of u missing data patterns           1


COVARIANCE COVERAGE OF DATA

Minimum covariance coverage value   0.100


UNIVARIATE PROPORTIONS AND COUNTS FOR CATEGORICAL VARIABLES

    U11
      Category 1    0.543          268.000
      Category 2    0.457          226.000
    U12
      Category 1    0.540          267.000
      Category 2    0.460          227.000
    U21
      Category 1    0.508          251.000
      Category 2    0.492          243.000
    U22
      Category 1    0.569          281.000
      Category 2    0.431          213.000
    U31
      Category 1    0.492          243.000
      Category 2    0.508          251.000
    U32
      Category 1    0.561          277.000
      Category 2    0.439          217.000
    U41
      Category 1    0.559          276.000
      Category 2    0.441          218.000
    U42
      Category 1    0.626          309.000
      Category 2    0.374          185.000


RANDOM STARTS RESULTS RANKED FROM THE BEST TO THE WORST LOGLIKELIHOOD VALUES

Final stage loglikelihood values at local maxima, seeds, and initial stage start numbers:

           -2018.555  970689           266
           -2018.555  17359            227
           -2018.555  801065           393
           -2018.555  443442           380
           -2018.555  840031           276
           -2018.555  402224           91
           -2018.555  781190           219
           -2018.555  371246           101
           -2018.555  788796           145
           -2018.555  569131           26
           -2018.555  789985           67
           -2018.555  732596           320
           -2018.555  679832           302
           -2018.555  360419           356
           -2018.555  926283           269
           -2018.555  840078           203
           -2018.555  247224           94
           -2018.555  407168           44
           -2018.555  485256           371
           -2018.555  950604           172
           -2018.555  278692           342
           -2018.555  622860           259
           -2018.556  813779           92
           -2018.556  97158            205
           -2018.556  76974            16
           -2018.556  608460           244
           -2018.557  913639           162
           -2018.557  79945            395
           -2018.557  849670           347
           -2018.557  575700           100
           -2018.558  153942           31
           -2018.559  587946           120
           -2018.559  715561           125
           -2018.560  197223           332
           -2018.561  253358           2
           -2018.563  875667           367
           -2018.621  848969           173
           -2019.286  857799           315
           -2019.287  931874           141
           -2019.287  170118           238
           -2019.287  957392           79
           -2019.288  415502           194
           -2019.288  354208           196
           -2019.288  576220           115
           -2019.288  784664           75
           -2019.288  765392           382
           -2019.288  626087           314
           -2019.288  22362            365
           -2019.288  120506           45
           -2019.288  455617           242
           -2019.288  404426           344
           -2019.288  192071           142
           -2019.288  545140           278
           -2019.288  27071            15
           -2019.288  829540           324
           -2019.288  220454           288
           -2019.288  576726           280
           -2019.288  260601           36
           -2019.288  281462           285
           -2019.288  123985           248
           -2019.288  268896           124
           -2019.288  802779           122
           -2019.289  81117            305
           -2019.289  65651            214
           -2019.289  182524           373
           -2019.291  366706           29
           -2019.291  685657           69
           -2019.291  972873           157
           -2019.291  131856           90
           -2019.291  592219           119
           -2019.291  458181           189
           -2019.291  301180           236
           -2019.291  751153           110
           -2019.291  440841           118
           -2019.291  520177           262
           -2019.291  793035           187
           -2019.291  609185           181
           -2019.291  573096           20
           -2019.291  264935           281
           -2019.291  350608           334
           -2019.291  850840           232
           -2019.291  565819           65
           -2019.291  46437            153
           -2019.291  576596           99
           -2019.291  794236           127
           -2019.291  263268           165
           -2019.291  937588           293
           -2019.291  804561           59
           -2019.291  563002           360
           -2019.292  246261           38
           -2019.295  484501           163
           -2019.297  570908           98
           -2019.297  418686           338
           -2019.299  655497           376
           -2019.299  318230           46
           -2019.299  438144           271
           -2019.301  414284           158
           -2019.304  637095           207
           -2019.305  50887            389
           -2019.311  415931           10



THE BEST LOGLIKELIHOOD VALUE HAS BEEN REPLICATED.  RERUN WITH AT LEAST TWICE THE
RANDOM STARTS TO CHECK THAT THE BEST LOGLIKELIHOOD IS STILL OBTAINED AND REPLICATED.


THE MODEL ESTIMATION TERMINATED NORMALLY



MODEL FIT INFORMATION

Number of Free Parameters                        9

Loglikelihood

          H0 Value                       -2018.555
          H0 Scaling Correction Factor      1.1356
            for MLR

Information Criteria

          Akaike (AIC)                    4055.110
          Bayesian (BIC)                  4092.932
          Sample-Size Adjusted BIC        4064.366
            (n* = (n + 2) / 24)

Chi-Square Test of Model Fit for the Binary and Ordered Categorical
(Ordinal) Outcomes

          Pearson Chi-Square

          Value                            332.233
          Degrees of Freedom                   246
          P-Value                           0.0002

          Likelihood Ratio Chi-Square

          Value                            247.419
          Degrees of Freedom                   246
          P-Value                           0.4626



MODEL RESULTS USE THE LATENT CLASS VARIABLE ORDER

   C1  C2  C3  C4


FINAL CLASS COUNTS AND PROPORTIONS FOR THE LATENT CLASS PATTERNS
BASED ON THE ESTIMATED MODEL

  Latent Class
    Pattern

    1  1  1  1         90.49253          0.18318
    1  1  1  2         40.57317          0.08213
    1  1  2  1         28.55426          0.05780
    1  1  2  2         30.21028          0.06115
    1  2  1  1         28.55426          0.05780
    1  2  1  2         12.80257          0.02592
    1  2  2  1         21.26114          0.04304
    1  2  2  2         22.49420          0.04553
    2  1  1  1         50.74126          0.10272
    2  1  1  2         22.75032          0.04605
    2  1  2  1         16.01103          0.03241
    2  1  2  2         16.93960          0.03429
    2  2  1  1         37.78131          0.07648
    2  2  1  2         16.93960          0.03429
    2  2  2  1         28.13149          0.05695
    2  2  2  2         29.76299          0.06025


FINAL CLASS COUNTS AND PROPORTIONS FOR EACH LATENT CLASS VARIABLE
BASED ON THE ESTIMATED MODEL

  Latent Class
    Variable    Class

    C1             1       274.94241          0.55656
                   2       219.05760          0.44344
    C2             1       296.27246          0.59974
                   2       197.72754          0.40026
    C3             1       300.63501          0.60857
                   2       193.36497          0.39143
    C4             1       301.52728          0.61038
                   2       192.47272          0.38962


LATENT TRANSITION PROBABILITIES BASED ON THE ESTIMATED MODEL

  C1 Classes (Rows) by C2 Classes (Columns)

            1        2

   1     0.690    0.310
   2     0.486    0.514

  C2 Classes (Rows) by C3 Classes (Columns)

            1        2

   1     0.690    0.310
   2     0.486    0.514

  C3 Classes (Rows) by C4 Classes (Columns)

            1        2

   1     0.690    0.310
   2     0.486    0.514


FINAL CLASS COUNTS AND PROPORTIONS FOR THE LATENT CLASS PATTERNS
BASED ON ESTIMATED POSTERIOR PROBABILITIES

  Latent Class
    Pattern

    1  1  1  1         88.36892          0.17888
    1  1  1  2         32.98345          0.06677
    1  1  2  1         29.85847          0.06044
    1  1  2  2         26.38263          0.05341
    1  2  1  1         32.23219          0.06525
    1  2  1  2         11.93358          0.02416
    1  2  2  1         24.50122          0.04960
    1  2  2  2         28.67643          0.05805
    2  1  1  1         59.25733          0.11995
    2  1  1  2         15.41747          0.03121
    2  1  2  1         20.98122          0.04247
    2  1  2  2         17.50446          0.03543
    2  2  1  1         34.17442          0.06918
    2  2  1  2         11.08163          0.02243
    2  2  2  1         28.61190          0.05792
    2  2  2  2         32.03469          0.06485


FINAL CLASS COUNTS AND PROPORTIONS FOR EACH LATENT CLASS VARIABLE
BASED ON ESTIMATED POSTERIOR PROBABILITIES

  Latent Class
    Variable    Class

    C1             1       274.93689          0.55655
                   2       219.06313          0.44345
    C2             1       290.75394          0.58857
                   2       203.24605          0.41143
    C3             1       285.44897          0.57783
                   2       208.55099          0.42217
    C4             1       317.98566          0.64370
                   2       176.01434          0.35630


FINAL CLASS COUNTS AND PROPORTIONS FOR THE LATENT CLASS PATTERNS
BASED ON THEIR MOST LIKELY LATENT CLASS PATTERN

Class Counts and Proportions

  Latent Class
    Pattern

    1  1  1  1              106          0.21457
    1  1  1  2               26          0.05263
    1  1  2  1               31          0.06275
    1  1  2  2               17          0.03441
    1  2  1  1               30          0.06073
    1  2  1  2               12          0.02429
    1  2  2  1               20          0.04049
    1  2  2  2               31          0.06275
    2  1  1  1               50          0.10121
    2  1  1  2                9          0.01822
    2  1  2  1               20          0.04049
    2  1  2  2               19          0.03846
    2  2  1  1               26          0.05263
    2  2  1  2                6          0.01215
    2  2  2  1               24          0.04858
    2  2  2  2               67          0.13563


FINAL CLASS COUNTS AND PROPORTIONS FOR EACH LATENT CLASS VARIABLE
BASED ON THEIR MOST LIKELY LATENT CLASS PATTERN

  Latent Class
    Variable    Class

    C1             1             273          0.55263
                   2             221          0.44737
    C2             1             278          0.56275
                   2             216          0.43725
    C3             1             265          0.53644
                   2             229          0.46356
    C4             1             307          0.62146
                   2             187          0.37854


CLASSIFICATION QUALITY

     Entropy                         0.523


MODEL RESULTS

                                                    Two-Tailed
                    Estimate       S.E.  Est./S.E.    P-Value

Parameters in the Overall Part of the Model (Parameters Equal in All of the Classes)

 F        BY
    U11               -2.805      0.251    -11.182      0.000
    U12               -6.779      2.131     -3.181      0.001
    U21               -2.805      0.251    -11.182      0.000
    U22               -6.779      2.131     -3.181      0.001
    U31               -2.805      0.251    -11.182      0.000
    U32               -6.779      2.131     -3.181      0.001
    U41               -2.805      0.251    -11.182      0.000
    U42               -6.779      2.131     -3.181      0.001

 Means
    F                  0.000      0.000    999.000    999.000

 Variances
    F                  1.000      0.000    999.000    999.000

Parameters for Class-specific Model Parts of C1

Latent Class C1#1

 Thresholds
    U11$1              1.871      0.244      7.667      0.000
    U12$1              6.862      2.598      2.641      0.008

Latent Class C1#2

 Thresholds
    U11$1             -2.210      0.472     -4.686      0.000
    U12$1             -5.994      1.618     -3.704      0.000

Parameters for Class-specific Model Parts of C2

Latent Class C2#1

 Thresholds
    U21$1              1.871      0.244      7.667      0.000
    U22$1              6.862      2.598      2.641      0.008

Latent Class C2#2

 Thresholds
    U21$1             -2.210      0.472     -4.686      0.000
    U22$1             -5.994      1.618     -3.704      0.000

Parameters for Class-specific Model Parts of C3

Latent Class C3#1

 Thresholds
    U31$1              1.871      0.244      7.667      0.000
    U32$1              6.862      2.598      2.641      0.008

Latent Class C3#2

 Thresholds
    U31$1             -2.210      0.472     -4.686      0.000
    U32$1             -5.994      1.618     -3.704      0.000

Parameters for Class-specific Model Parts of C4

Latent Class C4#1

 Thresholds
    U41$1              1.871      0.244      7.667      0.000
    U42$1              6.862      2.598      2.641      0.008

Latent Class C4#2

 Thresholds
    U41$1             -2.210      0.472     -4.686      0.000
    U42$1             -5.994      1.618     -3.704      0.000

Categorical Latent Variables

 C4#1     ON
    C3#1               0.859      0.282      3.040      0.002

 C3#1     ON
    C2#1               0.859      0.282      3.040      0.002

 C2#1     ON
    C1#1               0.859      0.282      3.040      0.002

 Means
    C1#1               0.227      0.225      1.010      0.312
    C2#1              -0.056      0.204     -0.276      0.783
    C3#1              -0.056      0.204     -0.276      0.783
    C4#1              -0.056      0.204     -0.276      0.783


IRT PARAMETERIZATION

Latent Class Pattern 1 1 1 1

 Item Discriminations

 F        BY
    U11               -2.805      0.251    -11.182      0.000
    U12               -6.779      2.131     -3.181      0.001
    U21               -2.805      0.251    -11.182      0.000
    U22               -6.779      2.131     -3.181      0.001
    U31               -2.805      0.251    -11.182      0.000
    U32               -6.779      2.131     -3.181      0.001
    U41               -2.805      0.251    -11.182      0.000
    U42               -6.779      2.131     -3.181      0.001

 Means
    F                  0.000      0.000      0.000      1.000

 Item Difficulties
    U11               -0.667      0.078     -8.509      0.000
    U12               -1.012      0.131     -7.738      0.000
    U21               -0.667      0.078     -8.509      0.000
    U22               -1.012      0.131     -7.738      0.000
    U31               -0.667      0.078     -8.509      0.000
    U32               -1.012      0.131     -7.738      0.000
    U41               -0.667      0.078     -8.509      0.000
    U42               -1.012      0.131     -7.738      0.000

 Variances
    F                  1.000      0.000      0.000      1.000

Latent Class Pattern 1 1 1 2

 Item Discriminations

 F        BY
    U11               -2.805      0.251    -11.182      0.000
    U12               -6.779      2.131     -3.181      0.001
    U21               -2.805      0.251    -11.182      0.000
    U22               -6.779      2.131     -3.181      0.001
    U31               -2.805      0.251    -11.182      0.000
    U32               -6.779      2.131     -3.181      0.001
    U41               -2.805      0.251    -11.182      0.000
    U42               -6.779      2.131     -3.181      0.001

 Means
    F                  0.000      0.000      0.000      1.000

 Item Difficulties
    U11               -0.667      0.078     -8.509      0.000
    U12               -1.012      0.131     -7.738      0.000
    U21               -0.667      0.078     -8.509      0.000
    U22               -1.012      0.131     -7.738      0.000
    U31               -0.667      0.078     -8.509      0.000
    U32               -1.012      0.131     -7.738      0.000
    U41                0.788      0.173      4.542      0.000
    U42                0.884      0.168      5.253      0.000

 Variances
    F                  1.000      0.000      0.000      1.000

Latent Class Pattern 1 1 2 1

 Item Discriminations

 F        BY
    U11               -2.805      0.251    -11.182      0.000
    U12               -6.779      2.131     -3.181      0.001
    U21               -2.805      0.251    -11.182      0.000
    U22               -6.779      2.131     -3.181      0.001
    U31               -2.805      0.251    -11.182      0.000
    U32               -6.779      2.131     -3.181      0.001
    U41               -2.805      0.251    -11.182      0.000
    U42               -6.779      2.131     -3.181      0.001

 Means
    F                  0.000      0.000      0.000      1.000

 Item Difficulties
    U11               -0.667      0.078     -8.509      0.000
    U12               -1.012      0.131     -7.738      0.000
    U21               -0.667      0.078     -8.509      0.000
    U22               -1.012      0.131     -7.738      0.000
    U31                0.788      0.173      4.542      0.000
    U32                0.884      0.168      5.253      0.000
    U41               -0.667      0.078     -8.509      0.000
    U42               -1.012      0.131     -7.738      0.000

 Variances
    F                  1.000      0.000      0.000      1.000

Latent Class Pattern 1 1 2 2

 Item Discriminations

 F        BY
    U11               -2.805      0.251    -11.182      0.000
    U12               -6.779      2.131     -3.181      0.001
    U21               -2.805      0.251    -11.182      0.000
    U22               -6.779      2.131     -3.181      0.001
    U31               -2.805      0.251    -11.182      0.000
    U32               -6.779      2.131     -3.181      0.001
    U41               -2.805      0.251    -11.182      0.000
    U42               -6.779      2.131     -3.181      0.001

 Means
    F                  0.000      0.000      0.000      1.000

 Item Difficulties
    U11               -0.667      0.078     -8.509      0.000
    U12               -1.012      0.131     -7.738      0.000
    U21               -0.667      0.078     -8.509      0.000
    U22               -1.012      0.131     -7.738      0.000
    U31                0.788      0.173      4.542      0.000
    U32                0.884      0.168      5.253      0.000
    U41                0.788      0.173      4.542      0.000
    U42                0.884      0.168      5.253      0.000

 Variances
    F                  1.000      0.000      0.000      1.000

Latent Class Pattern 1 2 1 1

 Item Discriminations

 F        BY
    U11               -2.805      0.251    -11.182      0.000
    U12               -6.779      2.131     -3.181      0.001
    U21               -2.805      0.251    -11.182      0.000
    U22               -6.779      2.131     -3.181      0.001
    U31               -2.805      0.251    -11.182      0.000
    U32               -6.779      2.131     -3.181      0.001
    U41               -2.805      0.251    -11.182      0.000
    U42               -6.779      2.131     -3.181      0.001

 Means
    F                  0.000      0.000      0.000      1.000

 Item Difficulties
    U11               -0.667      0.078     -8.509      0.000
    U12               -1.012      0.131     -7.738      0.000
    U21                0.788      0.173      4.542      0.000
    U22                0.884      0.168      5.253      0.000
    U31               -0.667      0.078     -8.509      0.000
    U32               -1.012      0.131     -7.738      0.000
    U41               -0.667      0.078     -8.509      0.000
    U42               -1.012      0.131     -7.738      0.000

 Variances
    F                  1.000      0.000      0.000      1.000

Latent Class Pattern 1 2 1 2

 Item Discriminations

 F        BY
    U11               -2.805      0.251    -11.182      0.000
    U12               -6.779      2.131     -3.181      0.001
    U21               -2.805      0.251    -11.182      0.000
    U22               -6.779      2.131     -3.181      0.001
    U31               -2.805      0.251    -11.182      0.000
    U32               -6.779      2.131     -3.181      0.001
    U41               -2.805      0.251    -11.182      0.000
    U42               -6.779      2.131     -3.181      0.001

 Means
    F                  0.000      0.000      0.000      1.000

 Item Difficulties
    U11               -0.667      0.078     -8.509      0.000
    U12               -1.012      0.131     -7.738      0.000
    U21                0.788      0.173      4.542      0.000
    U22                0.884      0.168      5.253      0.000
    U31               -0.667      0.078     -8.509      0.000
    U32               -1.012      0.131     -7.738      0.000
    U41                0.788      0.173      4.542      0.000
    U42                0.884      0.168      5.253      0.000

 Variances
    F                  1.000      0.000      0.000      1.000

Latent Class Pattern 1 2 2 1

 Item Discriminations

 F        BY
    U11               -2.805      0.251    -11.182      0.000
    U12               -6.779      2.131     -3.181      0.001
    U21               -2.805      0.251    -11.182      0.000
    U22               -6.779      2.131     -3.181      0.001
    U31               -2.805      0.251    -11.182      0.000
    U32               -6.779      2.131     -3.181      0.001
    U41               -2.805      0.251    -11.182      0.000
    U42               -6.779      2.131     -3.181      0.001

 Means
    F                  0.000      0.000      0.000      1.000

 Item Difficulties
    U11               -0.667      0.078     -8.509      0.000
    U12               -1.012      0.131     -7.738      0.000
    U21                0.788      0.173      4.542      0.000
    U22                0.884      0.168      5.253      0.000
    U31                0.788      0.173      4.542      0.000
    U32                0.884      0.168      5.253      0.000
    U41               -0.667      0.078     -8.509      0.000
    U42               -1.012      0.131     -7.738      0.000

 Variances
    F                  1.000      0.000      0.000      1.000

Latent Class Pattern 1 2 2 2

 Item Discriminations

 F        BY
    U11               -2.805      0.251    -11.182      0.000
    U12               -6.779      2.131     -3.181      0.001
    U21               -2.805      0.251    -11.182      0.000
    U22               -6.779      2.131     -3.181      0.001
    U31               -2.805      0.251    -11.182      0.000
    U32               -6.779      2.131     -3.181      0.001
    U41               -2.805      0.251    -11.182      0.000
    U42               -6.779      2.131     -3.181      0.001

 Means
    F                  0.000      0.000      0.000      1.000

 Item Difficulties
    U11               -0.667      0.078     -8.509      0.000
    U12               -1.012      0.131     -7.738      0.000
    U21                0.788      0.173      4.542      0.000
    U22                0.884      0.168      5.253      0.000
    U31                0.788      0.173      4.542      0.000
    U32                0.884      0.168      5.253      0.000
    U41                0.788      0.173      4.542      0.000
    U42                0.884      0.168      5.253      0.000

 Variances
    F                  1.000      0.000      0.000      1.000

Latent Class Pattern 2 1 1 1

 Item Discriminations

 F        BY
    U11               -2.805      0.251    -11.182      0.000
    U12               -6.779      2.131     -3.181      0.001
    U21               -2.805      0.251    -11.182      0.000
    U22               -6.779      2.131     -3.181      0.001
    U31               -2.805      0.251    -11.182      0.000
    U32               -6.779      2.131     -3.181      0.001
    U41               -2.805      0.251    -11.182      0.000
    U42               -6.779      2.131     -3.181      0.001

 Means
    F                  0.000      0.000      0.000      1.000

 Item Difficulties
    U11                0.788      0.173      4.542      0.000
    U12                0.884      0.168      5.253      0.000
    U21               -0.667      0.078     -8.509      0.000
    U22               -1.012      0.131     -7.738      0.000
    U31               -0.667      0.078     -8.509      0.000
    U32               -1.012      0.131     -7.738      0.000
    U41               -0.667      0.078     -8.509      0.000
    U42               -1.012      0.131     -7.738      0.000

 Variances
    F                  1.000      0.000      0.000      1.000

Latent Class Pattern 2 1 1 2

 Item Discriminations

 F        BY
    U11               -2.805      0.251    -11.182      0.000
    U12               -6.779      2.131     -3.181      0.001
    U21               -2.805      0.251    -11.182      0.000
    U22               -6.779      2.131     -3.181      0.001
    U31               -2.805      0.251    -11.182      0.000
    U32               -6.779      2.131     -3.181      0.001
    U41               -2.805      0.251    -11.182      0.000
    U42               -6.779      2.131     -3.181      0.001

 Means
    F                  0.000      0.000      0.000      1.000

 Item Difficulties
    U11                0.788      0.173      4.542      0.000
    U12                0.884      0.168      5.253      0.000
    U21               -0.667      0.078     -8.509      0.000
    U22               -1.012      0.131     -7.738      0.000
    U31               -0.667      0.078     -8.509      0.000
    U32               -1.012      0.131     -7.738      0.000
    U41                0.788      0.173      4.542      0.000
    U42                0.884      0.168      5.253      0.000

 Variances
    F                  1.000      0.000      0.000      1.000

Latent Class Pattern 2 1 2 1

 Item Discriminations

 F        BY
    U11               -2.805      0.251    -11.182      0.000
    U12               -6.779      2.131     -3.181      0.001
    U21               -2.805      0.251    -11.182      0.000
    U22               -6.779      2.131     -3.181      0.001
    U31               -2.805      0.251    -11.182      0.000
    U32               -6.779      2.131     -3.181      0.001
    U41               -2.805      0.251    -11.182      0.000
    U42               -6.779      2.131     -3.181      0.001

 Means
    F                  0.000      0.000      0.000      1.000

 Item Difficulties
    U11                0.788      0.173      4.542      0.000
    U12                0.884      0.168      5.253      0.000
    U21               -0.667      0.078     -8.509      0.000
    U22               -1.012      0.131     -7.738      0.000
    U31                0.788      0.173      4.542      0.000
    U32                0.884      0.168      5.253      0.000
    U41               -0.667      0.078     -8.509      0.000
    U42               -1.012      0.131     -7.738      0.000

 Variances
    F                  1.000      0.000      0.000      1.000

Latent Class Pattern 2 1 2 2

 Item Discriminations

 F        BY
    U11               -2.805      0.251    -11.182      0.000
    U12               -6.779      2.131     -3.181      0.001
    U21               -2.805      0.251    -11.182      0.000
    U22               -6.779      2.131     -3.181      0.001
    U31               -2.805      0.251    -11.182      0.000
    U32               -6.779      2.131     -3.181      0.001
    U41               -2.805      0.251    -11.182      0.000
    U42               -6.779      2.131     -3.181      0.001

 Means
    F                  0.000      0.000      0.000      1.000

 Item Difficulties
    U11                0.788      0.173      4.542      0.000
    U12                0.884      0.168      5.253      0.000
    U21               -0.667      0.078     -8.509      0.000
    U22               -1.012      0.131     -7.738      0.000
    U31                0.788      0.173      4.542      0.000
    U32                0.884      0.168      5.253      0.000
    U41                0.788      0.173      4.542      0.000
    U42                0.884      0.168      5.253      0.000

 Variances
    F                  1.000      0.000      0.000      1.000

Latent Class Pattern 2 2 1 1

 Item Discriminations

 F        BY
    U11               -2.805      0.251    -11.182      0.000
    U12               -6.779      2.131     -3.181      0.001
    U21               -2.805      0.251    -11.182      0.000
    U22               -6.779      2.131     -3.181      0.001
    U31               -2.805      0.251    -11.182      0.000
    U32               -6.779      2.131     -3.181      0.001
    U41               -2.805      0.251    -11.182      0.000
    U42               -6.779      2.131     -3.181      0.001

 Means
    F                  0.000      0.000      0.000      1.000

 Item Difficulties
    U11                0.788      0.173      4.542      0.000
    U12                0.884      0.168      5.253      0.000
    U21                0.788      0.173      4.542      0.000
    U22                0.884      0.168      5.253      0.000
    U31               -0.667      0.078     -8.509      0.000
    U32               -1.012      0.131     -7.738      0.000
    U41               -0.667      0.078     -8.509      0.000
    U42               -1.012      0.131     -7.738      0.000

 Variances
    F                  1.000      0.000      0.000      1.000

Latent Class Pattern 2 2 1 2

 Item Discriminations

 F        BY
    U11               -2.805      0.251    -11.182      0.000
    U12               -6.779      2.131     -3.181      0.001
    U21               -2.805      0.251    -11.182      0.000
    U22               -6.779      2.131     -3.181      0.001
    U31               -2.805      0.251    -11.182      0.000
    U32               -6.779      2.131     -3.181      0.001
    U41               -2.805      0.251    -11.182      0.000
    U42               -6.779      2.131     -3.181      0.001

 Means
    F                  0.000      0.000      0.000      1.000

 Item Difficulties
    U11                0.788      0.173      4.542      0.000
    U12                0.884      0.168      5.253      0.000
    U21                0.788      0.173      4.542      0.000
    U22                0.884      0.168      5.253      0.000
    U31               -0.667      0.078     -8.509      0.000
    U32               -1.012      0.131     -7.738      0.000
    U41                0.788      0.173      4.542      0.000
    U42                0.884      0.168      5.253      0.000

 Variances
    F                  1.000      0.000      0.000      1.000

Latent Class Pattern 2 2 2 1

 Item Discriminations

 F        BY
    U11               -2.805      0.251    -11.182      0.000
    U12               -6.779      2.131     -3.181      0.001
    U21               -2.805      0.251    -11.182      0.000
    U22               -6.779      2.131     -3.181      0.001
    U31               -2.805      0.251    -11.182      0.000
    U32               -6.779      2.131     -3.181      0.001
    U41               -2.805      0.251    -11.182      0.000
    U42               -6.779      2.131     -3.181      0.001

 Means
    F                  0.000      0.000      0.000      1.000

 Item Difficulties
    U11                0.788      0.173      4.542      0.000
    U12                0.884      0.168      5.253      0.000
    U21                0.788      0.173      4.542      0.000
    U22                0.884      0.168      5.253      0.000
    U31                0.788      0.173      4.542      0.000
    U32                0.884      0.168      5.253      0.000
    U41               -0.667      0.078     -8.509      0.000
    U42               -1.012      0.131     -7.738      0.000

 Variances
    F                  1.000      0.000      0.000      1.000

Latent Class Pattern 2 2 2 2

 Item Discriminations

 F        BY
    U11               -2.805      0.251    -11.182      0.000
    U12               -6.779      2.131     -3.181      0.001
    U21               -2.805      0.251    -11.182      0.000
    U22               -6.779      2.131     -3.181      0.001
    U31               -2.805      0.251    -11.182      0.000
    U32               -6.779      2.131     -3.181      0.001
    U41               -2.805      0.251    -11.182      0.000
    U42               -6.779      2.131     -3.181      0.001

 Means
    F                  0.000      0.000      0.000      1.000

 Item Difficulties
    U11                0.788      0.173      4.542      0.000
    U12                0.884      0.168      5.253      0.000
    U21                0.788      0.173      4.542      0.000
    U22                0.884      0.168      5.253      0.000
    U31                0.788      0.173      4.542      0.000
    U32                0.884      0.168      5.253      0.000
    U41                0.788      0.173      4.542      0.000
    U42                0.884      0.168      5.253      0.000

 Variances
    F                  1.000      0.000      0.000      1.000


RESULTS IN PROBABILITY SCALE

                    Estimate

Results for Class-specific Model Parts of C1

Latent Class C1#1

 U11
    Category 1         0.714
    Category 2         0.286
 U12
    Category 1         0.836
    Category 2         0.164

Latent Class C1#2

 U11
    Category 1         0.252
    Category 2         0.748
 U12
    Category 1         0.196
    Category 2         0.804

Results for Class-specific Model Parts of C2

Latent Class C2#1

 U21
    Category 1         0.714
    Category 2         0.286
 U22
    Category 1         0.836
    Category 2         0.164

Latent Class C2#2

 U21
    Category 1         0.252
    Category 2         0.748
 U22
    Category 1         0.196
    Category 2         0.804

