Mplus VERSION 8.4 (Mac)
MUTHEN & MUTHEN
04/06/2020   1:34 PM

INPUT INSTRUCTIONS

  TITLE:
  Eid 2003 data: T=4, N=494, P=2, C=2
        Model 6 - RI-LTA, Continuous RI, Mover-Stayer
  DATA:
  FILE = "/Users/agarber/Desktop/RI-LTA_Muthen20/mood_mplus/m1_mood.dat";

  VARIABLE:
  NAMES = u11 u12 u21 u22 u31 u32 u41 u42 freq est sd;
   MISSING=.;
   usev = u11-u42;
        categorical = u11-u42;
        classes = cb(2) c1(2) c2(2) c3(2) c4(2);
        freqweight = freq;
  ANALYSIS:
  type = mixture;
        algorithm = integration;
        integration = 30;
        proc = 8;
        starts = 320 80;
        parameterization = probability;
  MODEL:
  %OVERALL%

        f by u11-u12* (p1-p2)
             u21-u22* (p1-p2)
             u31-u32* (p1-p2)
             u41-u42* (p1-p2);
      	f@1; [f@0];

      MODEL cb:
          %cb#1% ! Stationary movers
          c4 on c3 (pt1-pt2);
          c3 on c2 (pt1-pt2);
          c2 on c1 (pt1-pt2);

          %cb#2% ! Stayers
          c2#1 on c1#1@1; c2#1 on c1#2@0;
          c3#1 on c2#1@1; c3#1 on c2#2@0;
          c4#1 on c3#1@1; c4#1 on c3#2@0;

      MODEL c1:
        	%c1#1%
        	[u11$1] (1);   [u12$1] (2);
        	%c1#2%
        	[u11$1] (11);  [u12$1] (12);
        	
      MODEL c2: 	
        	%c2#1%
        	[u21$1] (1);  [u22$1] (2);
        	%c2#2%
        	[u21$1] (11); [u22$1] (12);
        	
      MODEL c3:
          %c3#1%
        	[u31$1] (1);  [u32$1] (2);
        	%c3#2%
        	[u31$1] (11); [u32$1] (12);

      MODEL c4:
          %c4#1%
        	[u41$1] (1);  [u42$1] (2);
        	%c4#2%
        	[u41$1] (11); [u42$1] (12);
  OUTPUT:
  tech1;



INPUT READING TERMINATED NORMALLY




Eid 2003 data: T=4, N=494, P=2, C=2
Model 6 - RI-LTA, Continuous RI, Mover-Stayer

SUMMARY OF ANALYSIS

Number of groups                                                 1
Number of observations                                         494
Number of patterns                                             256

Number of dependent variables                                    8
Number of independent variables                                  0
Number of continuous latent variables                            1
Number of categorical latent variables                           5

Observed dependent variables

  Binary and ordered categorical (ordinal)
   U11         U12         U21         U22         U31         U32
   U41         U42

Continuous latent variables
   F

Categorical latent variables
   CB          C1          C2          C3          C4

Variables with special functions

  Weight variable       FREQ

Estimator                                                      MLR
Information matrix                                        OBSERVED
Optimization Specifications for the Quasi-Newton Algorithm for
Continuous Outcomes
  Maximum number of iterations                                 100
  Convergence criterion                                  0.100D-05
Optimization Specifications for the EM Algorithm
  Maximum number of iterations                                 500
  Convergence criteria
    Loglikelihood change                                 0.100D-02
    Relative loglikelihood change                        0.100D-05
    Derivative                                           0.100D-02
Optimization Specifications for the M step of the EM Algorithm for
Categorical Latent variables
  Number of M step iterations                                    1
  M step convergence criterion                           0.100D-02
  Basis for M step termination                           ITERATION
Optimization Specifications for the M step of the EM Algorithm for
Censored, Binary or Ordered Categorical (Ordinal), Unordered
Categorical (Nominal) and Count Outcomes
  Number of M step iterations                                    1
  M step convergence criterion                           0.100D-02
  Basis for M step termination                           ITERATION
  Maximum value for logit thresholds                            15
  Minimum value for logit thresholds                           -15
  Minimum expected cell size for chi-square              0.100D-01
Maximum number of iterations for H1                           2000
Convergence criterion for H1                             0.100D-03
Optimization algorithm                                         EMA
Integration Specifications
  Type                                                    STANDARD
  Number of integration points                                  30
  Dimensions of numerical integration                            1
  Adaptive quadrature                                           ON
Random Starts Specifications
  Number of initial stage random starts                        320
  Number of final stage optimizations                           80
  Number of initial stage iterations                            10
  Initial stage convergence criterion                    0.100D+01
  Random starts scale                                    0.500D+01
  Random seed for generating random starts                       0
Parameterization                                       PROBABILITY
Link                                                         LOGIT
Cholesky                                                        ON

Input data file(s)
  /Users/agarber/Desktop/RI-LTA_Muthen20/mood_mplus/m1_mood.dat
Input data format  FREE


SUMMARY OF DATA

     Number of missing data patterns             1
     Number of y missing data patterns           0
     Number of u missing data patterns           1


COVARIANCE COVERAGE OF DATA

Minimum covariance coverage value   0.100


UNIVARIATE PROPORTIONS AND COUNTS FOR CATEGORICAL VARIABLES

    U11
      Category 1    0.543          268.000
      Category 2    0.457          226.000
    U12
      Category 1    0.540          267.000
      Category 2    0.460          227.000
    U21
      Category 1    0.508          251.000
      Category 2    0.492          243.000
    U22
      Category 1    0.569          281.000
      Category 2    0.431          213.000
    U31
      Category 1    0.492          243.000
      Category 2    0.508          251.000
    U32
      Category 1    0.561          277.000
      Category 2    0.439          217.000
    U41
      Category 1    0.559          276.000
      Category 2    0.441          218.000
    U42
      Category 1    0.626          309.000
      Category 2    0.374          185.000


RANDOM STARTS RESULTS RANKED FROM THE BEST TO THE WORST LOGLIKELIHOOD VALUES

Final stage loglikelihood values at local maxima, seeds, and initial stage start numbers:

           -2017.140  373505           88
           -2017.140  830529           279
           -2017.140  902278           21
           -2017.141  846194           93
           -2017.141  948615           140
           -2017.141  15715            274
           -2017.141  246261           38
           -2017.141  59674            240
           -2017.143  377504           294
           -2017.143  903369           134
           -2017.144  411615           171
           -2017.145  57226            208
           -2017.145  534483           290
           -2017.147  483369           270
           -2017.149  695155           150
           -2017.149  284109           82
           -2017.149  790452           303
           -2017.149  462953           7
           -2017.150  12477            155
           -2017.150  512836           289
           -2017.150  606576           151
           -2017.151  25127            107
           -2017.151  629320           222
           -2017.151  456213           160
           -2017.151  264081           186
           -2017.152  848331           137
           -2017.152  93468            3
           -2017.153  349263           263
           -2017.154  967237           48
           -2017.587  259507           53
           -2017.590  170954           86
           -2017.590  754100           56
           -2017.590  608460           244
           -2017.591  281462           285
           -2017.592  85462            51
           -2017.593  797594           234
           -2017.593  637345           19
           -2017.593  105435           265
           -2017.594  303634           169
           -2017.595  481835           57
           -2017.597  399848           220
           -2017.599  43523            297
           -2017.599  856536           144
           -2017.600  68985            17
           -2017.601  387701           275
           -2017.601  417035           149
           -2017.602  471438           252
           -2017.602  21345            199
           -2017.603  987090           70
           -2017.604  673496           218
           -2017.606  496881           192
           -2017.607  73576            213
           -2017.610  645664           39
           -2017.612  436460           89
           -2017.614  761633           50
           -2017.618  268217           83
           -2017.623  464179           106
           -2017.624  462228           298
           -2017.629  580405           286
           -2017.631  717754           180
           -2018.054  297518           166
           -2018.058  813779           92
           -2018.060  963053           43
           -2018.161  950604           172
           -2018.590  391179           78

15 perturbed starting value run(s) did not converge or were rejected in the third stage.



THE BEST LOGLIKELIHOOD VALUE HAS BEEN REPLICATED.  RERUN WITH AT LEAST TWICE THE
RANDOM STARTS TO CHECK THAT THE BEST LOGLIKELIHOOD IS STILL OBTAINED AND REPLICATED.


THE MODEL ESTIMATION TERMINATED NORMALLY



MODEL FIT INFORMATION

Number of Free Parameters                       10

Loglikelihood

          H0 Value                       -2017.140
          H0 Scaling Correction Factor      1.0415
            for MLR

Information Criteria

          Akaike (AIC)                    4054.279
          Bayesian (BIC)                  4096.305
          Sample-Size Adjusted BIC        4064.564
            (n* = (n + 2) / 24)

Chi-Square Test of Model Fit for the Binary and Ordered Categorical
(Ordinal) Outcomes

          Pearson Chi-Square

          Value                            292.261
          Degrees of Freedom                   245
          P-Value                           0.0206

          Likelihood Ratio Chi-Square

          Value                            244.562
          Degrees of Freedom                   245
          P-Value                           0.4959



MODEL RESULTS USE THE LATENT CLASS VARIABLE ORDER

   CB  C1  C2  C3  C4


FINAL CLASS COUNTS AND PROPORTIONS FOR THE LATENT CLASS PATTERNS
BASED ON THE ESTIMATED MODEL

  Latent Class
    Pattern

    1  1  1  1  1         26.34820          0.05334
    1  1  1  1  2         21.34362          0.04321
    1  1  1  2  1         12.73906          0.02579
    1  1  1  2  2         25.89416          0.05242
    1  1  2  1  1         12.73906          0.02579
    1  1  2  1  2         10.31940          0.02089
    1  1  2  2  1         15.45508          0.03129
    1  1  2  2  2         31.41489          0.06359
    1  2  1  1  1         15.65922          0.03170
    1  2  1  1  2         12.68490          0.02568
    1  2  1  2  1          7.57106          0.01533
    1  2  1  2  2         15.38937          0.03115
    1  2  2  1  1         18.99782          0.03846
    1  2  2  1  2         15.38937          0.03115
    1  2  2  2  1         23.04823          0.04666
    1  2  2  2  2         46.84917          0.09484
    2  1  1  1  1         91.27271          0.18476
    2  1  1  1  2          0.00000          0.00000
    2  1  1  2  1          0.00000          0.00000
    2  1  1  2  2          0.00000          0.00000
    2  1  2  1  1          0.00000          0.00000
    2  1  2  1  2          0.00000          0.00000
    2  1  2  2  1          0.00000          0.00000
    2  1  2  2  2          0.00000          0.00000
    2  2  1  1  1          0.00000          0.00000
    2  2  1  1  2          0.00000          0.00000
    2  2  1  2  1          0.00000          0.00000
    2  2  1  2  2          0.00000          0.00000
    2  2  2  1  1          0.00000          0.00000
    2  2  2  1  2          0.00000          0.00000
    2  2  2  2  1          0.00000          0.00000
    2  2  2  2  2         90.88466          0.18398


FINAL CLASS COUNTS AND PROPORTIONS FOR EACH LATENT CLASS VARIABLE
BASED ON THE ESTIMATED MODEL

  Latent Class
    Variable    Class

    CB             1       311.84265          0.63126
                   2       182.15736          0.36874
    C1             1       247.52618          0.50107
                   2       246.47382          0.49893
    C2             1       228.90230          0.46336
                   2       265.09772          0.53664
    C3             1       224.75430          0.45497
                   2       269.24570          0.54503
    C4             1       223.83046          0.45310
                   2       270.16956          0.54690


LATENT TRANSITION PROBABILITIES BASED ON THE ESTIMATED MODEL

  CB Classes (Rows) by C1 Classes (Columns)

            1        2

   1     0.501    0.499
   2     0.501    0.499

  C1 Classes (Rows) by C2 Classes (Columns)

            1        2

   1     0.717    0.283
   2     0.208    0.792

  C2 Classes (Rows) by C3 Classes (Columns)

            1        2

   1     0.731    0.269
   2     0.217    0.783

  C3 Classes (Rows) by C4 Classes (Columns)

            1        2

   1     0.734    0.266
   2     0.218    0.782


FINAL CLASS COUNTS AND PROPORTIONS FOR THE LATENT CLASS PATTERNS
BASED ON ESTIMATED POSTERIOR PROBABILITIES

  Latent Class
    Pattern

    1  1  1  1  1         27.40694          0.05548
    1  1  1  1  2         21.60739          0.04374
    1  1  1  2  1          6.89504          0.01396
    1  1  1  2  2         23.38453          0.04734
    1  1  2  1  1         12.32018          0.02494
    1  1  2  1  2         13.59197          0.02751
    1  1  2  2  1          8.55214          0.01731
    1  1  2  2  2         38.85350          0.07865
    1  2  1  1  1         22.28029          0.04510
    1  2  1  1  2         15.90753          0.03220
    1  2  1  2  1          7.20989          0.01459
    1  2  1  2  2         19.31857          0.03911
    1  2  2  1  1         15.48255          0.03134
    1  2  2  1  2         16.47822          0.03336
    1  2  2  2  1         17.61582          0.03566
    1  2  2  2  2         44.95161          0.09100
    2  1  1  1  1         94.94030          0.19219
    2  1  1  1  2          0.00000          0.00000
    2  1  1  2  1          0.00000          0.00000
    2  1  1  2  2          0.00000          0.00000
    2  1  2  1  1          0.00000          0.00000
    2  1  2  1  2          0.00000          0.00000
    2  1  2  2  1          0.00000          0.00000
    2  1  2  2  2          0.00000          0.00000
    2  2  1  1  1          0.00000          0.00000
    2  2  1  1  2          0.00000          0.00000
    2  2  1  2  1          0.00000          0.00000
    2  2  1  2  2          0.00000          0.00000
    2  2  2  1  1          0.00000          0.00000
    2  2  2  1  2          0.00000          0.00000
    2  2  2  2  1          0.00000          0.00000
    2  2  2  2  2         87.20351          0.17653


FINAL CLASS COUNTS AND PROPORTIONS FOR EACH LATENT CLASS VARIABLE
BASED ON ESTIMATED POSTERIOR PROBABILITIES

  Latent Class
    Variable    Class

    CB             1       311.85620          0.63129
                   2       182.14380          0.36871
    C1             1       247.55200          0.50112
                   2       246.44800          0.49888
    C2             1       238.95049          0.48371
                   2       255.04951          0.51629
    C3             1       240.01538          0.48586
                   2       253.98462          0.51414
    C4             1       212.70316          0.43057
                   2       281.29684          0.56943


FINAL CLASS COUNTS AND PROPORTIONS FOR THE LATENT CLASS PATTERNS
BASED ON THEIR MOST LIKELY LATENT CLASS PATTERN

Class Counts and Proportions

  Latent Class
    Pattern

    1  1  1  1  1                4          0.00810
    1  1  1  1  2               23          0.04656
    1  1  1  2  1                6          0.01215
    1  1  1  2  2               21          0.04251
    1  1  2  1  1                9          0.01822
    1  1  2  1  2               14          0.02834
    1  1  2  2  1                8          0.01619
    1  1  2  2  2               45          0.09109
    1  2  1  1  1               18          0.03644
    1  2  1  1  2               17          0.03441
    1  2  1  2  1                5          0.01012
    1  2  1  2  2               22          0.04453
    1  2  2  1  1               18          0.03644
    1  2  2  1  2               16          0.03239
    1  2  2  2  1               20          0.04049
    1  2  2  2  2               12          0.02429
    2  1  1  1  1              114          0.23077
    2  1  1  1  2                0          0.00000
    2  1  1  2  1                0          0.00000
    2  1  1  2  2                0          0.00000
    2  1  2  1  1                0          0.00000
    2  1  2  1  2                0          0.00000
    2  1  2  2  1                0          0.00000
    2  1  2  2  2                0          0.00000
    2  2  1  1  1                0          0.00000
    2  2  1  1  2                0          0.00000
    2  2  1  2  1                0          0.00000
    2  2  1  2  2                0          0.00000
    2  2  2  1  1                0          0.00000
    2  2  2  1  2                0          0.00000
    2  2  2  2  1                0          0.00000
    2  2  2  2  2              122          0.24696


FINAL CLASS COUNTS AND PROPORTIONS FOR EACH LATENT CLASS VARIABLE
BASED ON THEIR MOST LIKELY LATENT CLASS PATTERN

  Latent Class
    Variable    Class

    CB             1             258          0.52227
                   2             236          0.47773
    C1             1             244          0.49393
                   2             250          0.50607
    C2             1             230          0.46559
                   2             264          0.53441
    C3             1             233          0.47166
                   2             261          0.52834
    C4             1             202          0.40891
                   2             292          0.59109


CLASSIFICATION QUALITY

     Entropy                         0.747


MODEL RESULTS

                                                    Two-Tailed
                    Estimate       S.E.  Est./S.E.    P-Value

Parameters in the Overall Part of the Model (Parameters Equal in All of the Classes)

 F        BY
    U11               -1.737      0.233     -7.440      0.000
    U12               -0.992      0.394     -2.516      0.012
    U21               -1.737      0.233     -7.440      0.000
    U22               -0.992      0.394     -2.516      0.012
    U31               -1.737      0.233     -7.440      0.000
    U32               -0.992      0.394     -2.516      0.012
    U41               -1.737      0.233     -7.440      0.000
    U42               -0.992      0.394     -2.516      0.012

 Means
    F                  0.000      0.000    999.000    999.000

 Variances
    F                  1.000      0.000    999.000    999.000

Parameters for Class-specific Model Parts of C1

Latent Class C1#1

 Thresholds
    U11$1             -2.659      0.291     -9.148      0.000
    U12$1             -2.226      0.430     -5.176      0.000

Latent Class C1#2

 Thresholds
    U11$1              2.802      0.357      7.842      0.000
    U12$1              4.154      0.628      6.616      0.000

Parameters for Class-specific Model Parts of C2

Latent Class C2#1

 Thresholds
    U21$1             -2.659      0.291     -9.148      0.000
    U22$1             -2.226      0.430     -5.176      0.000

Latent Class C2#2

 Thresholds
    U21$1              2.802      0.357      7.842      0.000
    U22$1              4.154      0.628      6.616      0.000

Parameters for Class-specific Model Parts of C3

Latent Class C3#1

 Thresholds
    U31$1             -2.659      0.291     -9.148      0.000
    U32$1             -2.226      0.430     -5.176      0.000

Latent Class C3#2

 Thresholds
    U31$1              2.802      0.357      7.842      0.000
    U32$1              4.154      0.628      6.616      0.000

Parameters for Class-specific Model Parts of C4

Latent Class C4#1

 Thresholds
    U41$1             -2.659      0.291     -9.148      0.000
    U42$1             -2.226      0.430     -5.176      0.000

Latent Class C4#2

 Thresholds
    U41$1              2.802      0.357      7.842      0.000
    U42$1              4.154      0.628      6.616      0.000

Categorical Latent Variables

 Means
    CB#1               0.631      0.048     13.108      0.000
    C1#1               0.501      0.032     15.493      0.000

Latent Class CB#1

 C4#1     ON
    C3#1               0.552      0.054     10.304      0.000
    C3#2               0.330      0.040      8.259      0.000

 C3#1     ON
    C2#1               0.552      0.054     10.304      0.000
    C2#2               0.330      0.040      8.259      0.000

 C2#1     ON
    C1#1               0.552      0.054     10.304      0.000
    C1#2               0.330      0.040      8.259      0.000

Latent Class CB#2

 C2#1     ON
    C1#1               1.000      0.000    999.000    999.000
    C1#2               0.000      0.000    999.000    999.000

 C3#1     ON
    C2#1               1.000      0.000    999.000    999.000
    C2#2               0.000      0.000    999.000    999.000

 C4#1     ON
    C3#1               1.000      0.000    999.000    999.000
    C3#2               0.000      0.000    999.000    999.000


IRT PARAMETERIZATION

Latent Class Pattern 1 1 1 1 1

 Item Discriminations

 F        BY
    U11               -1.737      0.233     -7.440      0.000
    U12               -0.992      0.394     -2.516      0.012
    U21               -1.737      0.233     -7.440      0.000
    U22               -0.992      0.394     -2.516      0.012
    U31               -1.737      0.233     -7.440      0.000
    U32               -0.992      0.394     -2.516      0.012
    U41               -1.737      0.233     -7.440      0.000
    U42               -0.992      0.394     -2.516      0.012

 Means
    F                  0.000      0.000      0.000      1.000

 Item Difficulties
    U11                1.531      0.168      9.104      0.000
    U12                2.244      0.671      3.344      0.001
    U21                1.531      0.168      9.104      0.000
    U22                2.244      0.671      3.344      0.001
    U31                1.531      0.168      9.104      0.000
    U32                2.244      0.671      3.344      0.001
    U41                1.531      0.168      9.104      0.000
    U42                2.244      0.671      3.344      0.001

 Variances
    F                  1.000      0.000      0.000      1.000

Latent Class Pattern 1 1 1 1 2

 Item Discriminations

 F        BY
    U11               -1.737      0.233     -7.440      0.000
    U12               -0.992      0.394     -2.516      0.012
    U21               -1.737      0.233     -7.440      0.000
    U22               -0.992      0.394     -2.516      0.012
    U31               -1.737      0.233     -7.440      0.000
    U32               -0.992      0.394     -2.516      0.012
    U41               -1.737      0.233     -7.440      0.000
    U42               -0.992      0.394     -2.516      0.012

 Means
    F                  0.000      0.000      0.000      1.000

 Item Difficulties
    U11                1.531      0.168      9.104      0.000
    U12                2.244      0.671      3.344      0.001
    U21                1.531      0.168      9.104      0.000
    U22                2.244      0.671      3.344      0.001
    U31                1.531      0.168      9.104      0.000
    U32                2.244      0.671      3.344      0.001
    U41               -1.614      0.277     -5.816      0.000
    U42               -4.190      1.839     -2.278      0.023

 Variances
    F                  1.000      0.000      0.000      1.000

Latent Class Pattern 1 1 1 2 1

 Item Discriminations

 F        BY
    U11               -1.737      0.233     -7.440      0.000
    U12               -0.992      0.394     -2.516      0.012
    U21               -1.737      0.233     -7.440      0.000
    U22               -0.992      0.394     -2.516      0.012
    U31               -1.737      0.233     -7.440      0.000
    U32               -0.992      0.394     -2.516      0.012
    U41               -1.737      0.233     -7.440      0.000
    U42               -0.992      0.394     -2.516      0.012

 Means
    F                  0.000      0.000      0.000      1.000

 Item Difficulties
    U11                1.531      0.168      9.104      0.000
    U12                2.244      0.671      3.344      0.001
    U21                1.531      0.168      9.104      0.000
    U22                2.244      0.671      3.344      0.001
    U31               -1.614      0.277     -5.816      0.000
    U32               -4.190      1.839     -2.278      0.023
    U41                1.531      0.168      9.104      0.000
    U42                2.244      0.671      3.344      0.001

 Variances
    F                  1.000      0.000      0.000      1.000

Latent Class Pattern 1 1 1 2 2

 Item Discriminations

 F        BY
    U11               -1.737      0.233     -7.440      0.000
    U12               -0.992      0.394     -2.516      0.012
    U21               -1.737      0.233     -7.440      0.000
    U22               -0.992      0.394     -2.516      0.012
    U31               -1.737      0.233     -7.440      0.000
    U32               -0.992      0.394     -2.516      0.012
    U41               -1.737      0.233     -7.440      0.000
    U42               -0.992      0.394     -2.516      0.012

 Means
    F                  0.000      0.000      0.000      1.000

 Item Difficulties
    U11                1.531      0.168      9.104      0.000
    U12                2.244      0.671      3.344      0.001
    U21                1.531      0.168      9.104      0.000
    U22                2.244      0.671      3.344      0.001
    U31               -1.614      0.277     -5.816      0.000
    U32               -4.190      1.839     -2.278      0.023
    U41               -1.614      0.277     -5.816      0.000
    U42               -4.190      1.839     -2.278      0.023

 Variances
    F                  1.000      0.000      0.000      1.000

Latent Class Pattern 1 1 2 1 1

 Item Discriminations

 F        BY
    U11               -1.737      0.233     -7.440      0.000
    U12               -0.992      0.394     -2.516      0.012
    U21               -1.737      0.233     -7.440      0.000
    U22               -0.992      0.394     -2.516      0.012
    U31               -1.737      0.233     -7.440      0.000
    U32               -0.992      0.394     -2.516      0.012
    U41               -1.737      0.233     -7.440      0.000
    U42               -0.992      0.394     -2.516      0.012

 Means
    F                  0.000      0.000      0.000      1.000

 Item Difficulties
    U11                1.531      0.168      9.104      0.000
    U12                2.244      0.671      3.344      0.001
    U21               -1.614      0.277     -5.816      0.000
    U22               -4.190      1.839     -2.278      0.023
    U31                1.531      0.168      9.104      0.000
    U32                2.244      0.671      3.344      0.001
    U41                1.531      0.168      9.104      0.000
    U42                2.244      0.671      3.344      0.001

 Variances
    F                  1.000      0.000      0.000      1.000

Latent Class Pattern 1 1 2 1 2

 Item Discriminations

 F        BY
    U11               -1.737      0.233     -7.440      0.000
    U12               -0.992      0.394     -2.516      0.012
    U21               -1.737      0.233     -7.440      0.000
    U22               -0.992      0.394     -2.516      0.012
    U31               -1.737      0.233     -7.440      0.000
    U32               -0.992      0.394     -2.516      0.012
    U41               -1.737      0.233     -7.440      0.000
    U42               -0.992      0.394     -2.516      0.012

 Means
    F                  0.000      0.000      0.000      1.000

 Item Difficulties
    U11                1.531      0.168      9.104      0.000
    U12                2.244      0.671      3.344      0.001
    U21               -1.614      0.277     -5.816      0.000
    U22               -4.190      1.839     -2.278      0.023
    U31                1.531      0.168      9.104      0.000
    U32                2.244      0.671      3.344      0.001
    U41               -1.614      0.277     -5.816      0.000
    U42               -4.190      1.839     -2.278      0.023

 Variances
    F                  1.000      0.000      0.000      1.000

Latent Class Pattern 1 1 2 2 1

 Item Discriminations

 F        BY
    U11               -1.737      0.233     -7.440      0.000
    U12               -0.992      0.394     -2.516      0.012
    U21               -1.737      0.233     -7.440      0.000
    U22               -0.992      0.394     -2.516      0.012
    U31               -1.737      0.233     -7.440      0.000
    U32               -0.992      0.394     -2.516      0.012
    U41               -1.737      0.233     -7.440      0.000
    U42               -0.992      0.394     -2.516      0.012

 Means
    F                  0.000      0.000      0.000      1.000

 Item Difficulties
    U11                1.531      0.168      9.104      0.000
    U12                2.244      0.671      3.344      0.001
    U21               -1.614      0.277     -5.816      0.000
    U22               -4.190      1.839     -2.278      0.023
    U31               -1.614      0.277     -5.816      0.000
    U32               -4.190      1.839     -2.278      0.023
    U41                1.531      0.168      9.104      0.000
    U42                2.244      0.671      3.344      0.001

 Variances
    F                  1.000      0.000      0.000      1.000

Latent Class Pattern 1 1 2 2 2

 Item Discriminations

 F        BY
    U11               -1.737      0.233     -7.440      0.000
    U12               -0.992      0.394     -2.516      0.012
    U21               -1.737      0.233     -7.440      0.000
    U22               -0.992      0.394     -2.516      0.012
    U31               -1.737      0.233     -7.440      0.000
    U32               -0.992      0.394     -2.516      0.012
    U41               -1.737      0.233     -7.440      0.000
    U42               -0.992      0.394     -2.516      0.012

 Means
    F                  0.000      0.000      0.000      1.000

 Item Difficulties
    U11                1.531      0.168      9.104      0.000
    U12                2.244      0.671      3.344      0.001
    U21               -1.614      0.277     -5.816      0.000
    U22               -4.190      1.839     -2.278      0.023
    U31               -1.614      0.277     -5.816      0.000
    U32               -4.190      1.839     -2.278      0.023
    U41               -1.614      0.277     -5.816      0.000
    U42               -4.190      1.839     -2.278      0.023

 Variances
    F                  1.000      0.000      0.000      1.000

Latent Class Pattern 1 2 1 1 1

 Item Discriminations

 F        BY
    U11               -1.737      0.233     -7.440      0.000
    U12               -0.992      0.394     -2.516      0.012
    U21               -1.737      0.233     -7.440      0.000
    U22               -0.992      0.394     -2.516      0.012
    U31               -1.737      0.233     -7.440      0.000
    U32               -0.992      0.394     -2.516      0.012
    U41               -1.737      0.233     -7.440      0.000
    U42               -0.992      0.394     -2.516      0.012

 Means
    F                  0.000      0.000      0.000      1.000

 Item Difficulties
    U11               -1.614      0.277     -5.816      0.000
    U12               -4.190      1.839     -2.278      0.023
    U21                1.531      0.168      9.104      0.000
    U22                2.244      0.671      3.344      0.001
    U31                1.531      0.168      9.104      0.000
    U32                2.244      0.671      3.344      0.001
    U41                1.531      0.168      9.104      0.000
    U42                2.244      0.671      3.344      0.001

 Variances
    F                  1.000      0.000      0.000      1.000

Latent Class Pattern 1 2 1 1 2

 Item Discriminations

 F        BY
    U11               -1.737      0.233     -7.440      0.000
    U12               -0.992      0.394     -2.516      0.012
    U21               -1.737      0.233     -7.440      0.000
    U22               -0.992      0.394     -2.516      0.012
    U31               -1.737      0.233     -7.440      0.000
    U32               -0.992      0.394     -2.516      0.012
    U41               -1.737      0.233     -7.440      0.000
    U42               -0.992      0.394     -2.516      0.012

 Means
    F                  0.000      0.000      0.000      1.000

 Item Difficulties
    U11               -1.614      0.277     -5.816      0.000
    U12               -4.190      1.839     -2.278      0.023
    U21                1.531      0.168      9.104      0.000
    U22                2.244      0.671      3.344      0.001
    U31                1.531      0.168      9.104      0.000
    U32                2.244      0.671      3.344      0.001
    U41               -1.614      0.277     -5.816      0.000
    U42               -4.190      1.839     -2.278      0.023

 Variances
    F                  1.000      0.000      0.000      1.000

Latent Class Pattern 1 2 1 2 1

 Item Discriminations

 F        BY
    U11               -1.737      0.233     -7.440      0.000
    U12               -0.992      0.394     -2.516      0.012
    U21               -1.737      0.233     -7.440      0.000
    U22               -0.992      0.394     -2.516      0.012
    U31               -1.737      0.233     -7.440      0.000
    U32               -0.992      0.394     -2.516      0.012
    U41               -1.737      0.233     -7.440      0.000
    U42               -0.992      0.394     -2.516      0.012

 Means
    F                  0.000      0.000      0.000      1.000

 Item Difficulties
    U11               -1.614      0.277     -5.816      0.000
    U12               -4.190      1.839     -2.278      0.023
    U21                1.531      0.168      9.104      0.000
    U22                2.244      0.671      3.344      0.001
    U31               -1.614      0.277     -5.816      0.000
    U32               -4.190      1.839     -2.278      0.023
    U41                1.531      0.168      9.104      0.000
    U42                2.244      0.671      3.344      0.001

 Variances
    F                  1.000      0.000      0.000      1.000

Latent Class Pattern 1 2 1 2 2

 Item Discriminations

 F        BY
    U11               -1.737      0.233     -7.440      0.000
    U12               -0.992      0.394     -2.516      0.012
    U21               -1.737      0.233     -7.440      0.000
    U22               -0.992      0.394     -2.516      0.012
    U31               -1.737      0.233     -7.440      0.000
    U32               -0.992      0.394     -2.516      0.012
    U41               -1.737      0.233     -7.440      0.000
    U42               -0.992      0.394     -2.516      0.012

 Means
    F                  0.000      0.000      0.000      1.000

 Item Difficulties
    U11               -1.614      0.277     -5.816      0.000
    U12               -4.190      1.839     -2.278      0.023
    U21                1.531      0.168      9.104      0.000
    U22                2.244      0.671      3.344      0.001
    U31               -1.614      0.277     -5.816      0.000
    U32               -4.190      1.839     -2.278      0.023
    U41               -1.614      0.277     -5.816      0.000
    U42               -4.190      1.839     -2.278      0.023

 Variances
    F                  1.000      0.000      0.000      1.000

Latent Class Pattern 1 2 2 1 1

 Item Discriminations

 F        BY
    U11               -1.737      0.233     -7.440      0.000
    U12               -0.992      0.394     -2.516      0.012
    U21               -1.737      0.233     -7.440      0.000
    U22               -0.992      0.394     -2.516      0.012
    U31               -1.737      0.233     -7.440      0.000
    U32               -0.992      0.394     -2.516      0.012
    U41               -1.737      0.233     -7.440      0.000
    U42               -0.992      0.394     -2.516      0.012

 Means
    F                  0.000      0.000      0.000      1.000

 Item Difficulties
    U11               -1.614      0.277     -5.816      0.000
    U12               -4.190      1.839     -2.278      0.023
    U21               -1.614      0.277     -5.816      0.000
    U22               -4.190      1.839     -2.278      0.023
    U31                1.531      0.168      9.104      0.000
    U32                2.244      0.671      3.344      0.001
    U41                1.531      0.168      9.104      0.000
    U42                2.244      0.671      3.344      0.001

 Variances
    F                  1.000      0.000      0.000      1.000

Latent Class Pattern 1 2 2 1 2

 Item Discriminations

 F        BY
    U11               -1.737      0.233     -7.440      0.000
    U12               -0.992      0.394     -2.516      0.012
    U21               -1.737      0.233     -7.440      0.000
    U22               -0.992      0.394     -2.516      0.012
    U31               -1.737      0.233     -7.440      0.000
    U32               -0.992      0.394     -2.516      0.012
    U41               -1.737      0.233     -7.440      0.000
    U42               -0.992      0.394     -2.516      0.012

 Means
    F                  0.000      0.000      0.000      1.000

 Item Difficulties
    U11               -1.614      0.277     -5.816      0.000
    U12               -4.190      1.839     -2.278      0.023
    U21               -1.614      0.277     -5.816      0.000
    U22               -4.190      1.839     -2.278      0.023
    U31                1.531      0.168      9.104      0.000
    U32                2.244      0.671      3.344      0.001
    U41               -1.614      0.277     -5.816      0.000
    U42               -4.190      1.839     -2.278      0.023

 Variances
    F                  1.000      0.000      0.000      1.000

Latent Class Pattern 1 2 2 2 1

 Item Discriminations

 F        BY
    U11               -1.737      0.233     -7.440      0.000
    U12               -0.992      0.394     -2.516      0.012
    U21               -1.737      0.233     -7.440      0.000
    U22               -0.992      0.394     -2.516      0.012
    U31               -1.737      0.233     -7.440      0.000
    U32               -0.992      0.394     -2.516      0.012
    U41               -1.737      0.233     -7.440      0.000
    U42               -0.992      0.394     -2.516      0.012

 Means
    F                  0.000      0.000      0.000      1.000

 Item Difficulties
    U11               -1.614      0.277     -5.816      0.000
