Mplus DEVELOPMENT (Mpdev 2/5/2020)
MUTHEN & MUTHEN
02/17/2020   9:31 AM

INPUT INSTRUCTIONS

  Title:
      Eid 2003 data: T=4, N=494, P=2, C=2
      LTA with f BY u, stationary

  Data:
      file = Eid-Langeheine-table1-mod2-NOlabels.csv;

  Variable:
      names = u11 u12 u21 u22 u31 u32 u41 u42 freq est sd;
      usev = u11-u42;
      freqweight = freq;
      categorical = u11-u42;
      classes = c1(2) c2(2) c3(2) c4(2);


  Analysis:
      type = mixture;
      algorithm = integration;
      integration = 30;
      proc = 8;
      starts = 160 40;

  MODEL:
      %OVERALL%

      ! Stationarity imposed:

      [c2#1 - c4#1] (p0);

    	c4#1 on c3#1 (pt);
      c3#1 on c2#1 (pt);
    	c2#1 on c1#1 (pt);

    	f by u11-u12* (p1-p2)
            u21-u22* (p1-p2)
            u31-u32* (p1-p2)
            u41-u42* (p1-p2);
    	f@1; [f@0];


    MODEL c1:
      	%c1#1%
      	[u11$1] (1);
      	[u12$1] (2);

      	%c1#2%
      	[u11$1] (11);
      	[u12$1] (12);
      	
    MODEL c2: 	
      	%c2#1%
      	[u21$1] (1);
      	[u22$1] (2);

      	%c2#2%
      	[u21$1] (11);
      	[u22$1] (12);
      	

    MODEL c3:
        %c3#1%
      	[u31$1] (1);
      	[u32$1] (2);

      	%c3#2%
      	[u31$1] (11);
      	[u32$1] (12);

    MODEL c4:
        %c4#1%
      	[u41$1] (1);
      	[u42$1] (2);

      	%c4#2%
      	[u41$1] (11);
      	[u42$1] (12);


  Output:
      tech1 tech8 tech15;

  savedata:
      save = fscores;
      file = fbyuscores;



INPUT READING TERMINATED NORMALLY




Eid 2003 data: T=4, N=494, P=2, C=2
LTA with f BY u, stationary

SUMMARY OF ANALYSIS

Number of groups                                                 1
Number of observations                                         494
Number of patterns                                             256

Number of dependent variables                                    8
Number of independent variables                                  0
Number of continuous latent variables                            1
Number of categorical latent variables                           4

Observed dependent variables

  Binary and ordered categorical (ordinal)
   U11         U12         U21         U22         U31         U32
   U41         U42

Continuous latent variables
   F

Categorical latent variables
   C1          C2          C3          C4

Variables with special functions

  Weight variable       FREQ

Estimator                                                      MLR
Information matrix                                        OBSERVED
Optimization Specifications for the Quasi-Newton Algorithm for
Continuous Outcomes
  Maximum number of iterations                                 100
  Convergence criterion                                  0.100D-05
Optimization Specifications for the EM Algorithm
  Maximum number of iterations                                 500
  Convergence criteria
    Loglikelihood change                                 0.100D-02
    Relative loglikelihood change                        0.100D-05
    Derivative                                           0.100D-02
Optimization Specifications for the M step of the EM Algorithm for
Categorical Latent variables
  Number of M step iterations                                    1
  M step convergence criterion                           0.100D-02
  Basis for M step termination                           ITERATION
Optimization Specifications for the M step of the EM Algorithm for
Censored, Binary or Ordered Categorical (Ordinal), Unordered
Categorical (Nominal) and Count Outcomes
  Number of M step iterations                                    1
  M step convergence criterion                           0.100D-02
  Basis for M step termination                           ITERATION
  Maximum value for logit thresholds                            15
  Minimum value for logit thresholds                           -15
  Minimum expected cell size for chi-square              0.100D-01
Optimization algorithm                                         EMA
Integration Specifications
  Type                                                    STANDARD
  Number of integration points                                  30
  Dimensions of numerical integration                            1
  Adaptive quadrature                                           ON
Random Starts Specifications
  Number of initial stage random starts                        160
  Number of final stage optimizations                           40
  Number of initial stage iterations                            10
  Initial stage convergence criterion                    0.100D+01
  Random starts scale                                    0.500D+01
  Random seed for generating random starts                       0
Parameterization                                             LOGIT
Link                                                         LOGIT
Cholesky                                                        ON

Input data file(s)
  Eid-Langeheine-table1-mod2-NOlabels.csv
Input data format  FREE


UNIVARIATE PROPORTIONS AND COUNTS FOR CATEGORICAL VARIABLES

    U11
      Category 1    0.543          268.000
      Category 2    0.457          226.000
    U12
      Category 1    0.540          267.000
      Category 2    0.460          227.000
    U21
      Category 1    0.508          251.000
      Category 2    0.492          243.000
    U22
      Category 1    0.569          281.000
      Category 2    0.431          213.000
    U31
      Category 1    0.492          243.000
      Category 2    0.508          251.000
    U32
      Category 1    0.561          277.000
      Category 2    0.439          217.000
    U41
      Category 1    0.559          276.000
      Category 2    0.441          218.000
    U42
      Category 1    0.626          309.000
      Category 2    0.374          185.000


RANDOM STARTS RESULTS RANKED FROM THE BEST TO THE WORST LOGLIKELIHOOD VALUES

Final stage loglikelihood values at local maxima, seeds, and initial stage start numbers:

           -2018.555  402224           91
           -2018.555  371246           101
           -2018.555  788796           145
           -2018.555  569131           26
           -2018.555  789985           67
           -2018.555  247224           94
           -2018.555  407168           44
           -2018.556  813779           92
           -2018.556  76974            16
           -2018.557  575700           100
           -2018.558  153942           31
           -2018.559  587946           120
           -2018.559  715561           125
           -2018.561  253358           2
           -2019.287  931874           141
           -2019.287  957392           79
           -2019.288  576220           115
           -2019.288  784664           75
           -2019.288  120506           45
           -2019.288  192071           142
           -2019.288  27071            15
           -2019.288  260601           36
           -2019.288  268896           124
           -2019.288  802779           122
           -2019.291  366706           29
           -2019.291  685657           69
           -2019.291  164305           128
           -2019.291  972873           157
           -2019.291  592219           119
           -2019.291  440841           118
           -2019.291  443917           60
           -2019.291  573096           20
           -2019.291  565819           65
           -2019.291  794236           127
           -2019.291  804561           59
           -2019.292  246261           38
           -2019.297  570908           98
           -2019.299  318230           46
           -2019.301  414284           158
           -2019.311  415931           10



THE BEST LOGLIKELIHOOD VALUE HAS BEEN REPLICATED.  RERUN WITH AT LEAST TWICE THE
RANDOM STARTS TO CHECK THAT THE BEST LOGLIKELIHOOD IS STILL OBTAINED AND REPLICATED.


THE MODEL ESTIMATION TERMINATED NORMALLY



MODEL FIT INFORMATION

Number of Free Parameters                        9

Loglikelihood

          H0 Value                       -2018.555
          H0 Scaling Correction Factor      1.1364
            for MLR

Information Criteria

          Akaike (AIC)                    4055.110
          Bayesian (BIC)                  4092.933
          Sample-Size Adjusted BIC        4064.367
            (n* = (n + 2) / 24)

Chi-Square Test of Model Fit for the Binary and Ordered Categorical
(Ordinal) Outcomes

          Pearson Chi-Square

          Value                            332.284
          Degrees of Freedom                   246
          P-Value                           0.0002

          Likelihood Ratio Chi-Square

          Value                            247.418
          Degrees of Freedom                   246
          P-Value                           0.4626



MODEL RESULTS USE THE LATENT CLASS VARIABLE ORDER

   C1  C2  C3  C4


FINAL CLASS COUNTS AND PROPORTIONS FOR THE LATENT CLASS PATTERNS
BASED ON THE ESTIMATED MODEL

  Latent Class
    Pattern

    1  1  1  1         90.53946          0.18328
    1  1  1  2         40.57702          0.08214
    1  1  2  1         28.55314          0.05780
    1  1  2  2         30.20926          0.06115
    1  2  1  1         28.55314          0.05780
    1  2  1  2         12.79665          0.02590
    1  2  2  1         21.25758          0.04303
    1  2  2  2         22.49055          0.04553
    2  1  1  1         50.74645          0.10273
    2  1  1  2         22.74301          0.04604
    2  1  2  1         16.00375          0.03240
    2  1  2  2         16.93199          0.03428
    2  2  1  1         37.78032          0.07648
    2  2  1  2         16.93199          0.03428
    2  2  2  1         28.12714          0.05694
    2  2  2  2         29.75856          0.06024


FINAL CLASS COUNTS AND PROPORTIONS FOR EACH LATENT CLASS VARIABLE
BASED ON THE ESTIMATED MODEL

  Latent Class
    Variable    Class

    C1             1       274.97681          0.55663
                   2       219.02319          0.44337
    C2             1       296.30408          0.59981
                   2       197.69592          0.40019
    C3             1       300.66803          0.60864
                   2       193.33197          0.39136
    C4             1       301.56094          0.61045
                   2       192.43904          0.38955


LATENT TRANSITION PROBABILITIES BASED ON THE ESTIMATED MODEL

  C1 Classes (Rows) by C2 Classes (Columns)

            1        2

   1     0.691    0.309
   2     0.486    0.514

  C2 Classes (Rows) by C3 Classes (Columns)

            1        2

   1     0.691    0.309
   2     0.486    0.514

  C3 Classes (Rows) by C4 Classes (Columns)

            1        2

   1     0.691    0.309
   2     0.486    0.514


FINAL CLASS COUNTS AND PROPORTIONS FOR THE LATENT CLASS PATTERNS
BASED ON ESTIMATED POSTERIOR PROBABILITIES

  Latent Class
    Pattern

    1  1  1  1         88.42075          0.17899
    1  1  1  2         32.98387          0.06677
    1  1  2  1         29.85649          0.06044
    1  1  2  2         26.38139          0.05340
    1  2  1  1         32.22951          0.06524
    1  2  1  2         11.92950          0.02415
    1  2  2  1         24.49765          0.04959
    1  2  2  2         28.67294          0.05804
    2  1  1  1         59.25834          0.11996
    2  1  1  2         15.41242          0.03120
    2  1  2  1         20.97366          0.04246
    2  1  2  2         17.49781          0.03542
    2  2  1  1         34.17034          0.06917
    2  2  1  2         11.07631          0.02242
    2  2  2  1         28.60805          0.05791
    2  2  2  2         32.03097          0.06484


FINAL CLASS COUNTS AND PROPORTIONS FOR EACH LATENT CLASS VARIABLE
BASED ON ESTIMATED POSTERIOR PROBABILITIES

  Latent Class
    Variable    Class

    C1             1       274.97208          0.55662
                   2       219.02791          0.44338
    C2             1       290.78473          0.58863
                   2       203.21527          0.41137
    C3             1       285.48105          0.57790
                   2       208.51895          0.42210
    C4             1       318.01480          0.64375
                   2       175.98520          0.35625


FINAL CLASS COUNTS AND PROPORTIONS FOR THE LATENT CLASS PATTERNS
BASED ON THEIR MOST LIKELY LATENT CLASS PATTERN

Class Counts and Proportions

  Latent Class
    Pattern

    1  1  1  1              106          0.21457
    1  1  1  2               26          0.05263
    1  1  2  1               31          0.06275
    1  1  2  2               17          0.03441
    1  2  1  1               30          0.06073
    1  2  1  2               12          0.02429
    1  2  2  1               20          0.04049
    1  2  2  2               31          0.06275
    2  1  1  1               50          0.10121
    2  1  1  2                9          0.01822
    2  1  2  1               20          0.04049
    2  1  2  2               19          0.03846
    2  2  1  1               26          0.05263
    2  2  1  2                6          0.01215
    2  2  2  1               24          0.04858
    2  2  2  2               67          0.13563


FINAL CLASS COUNTS AND PROPORTIONS FOR EACH LATENT CLASS VARIABLE
BASED ON THEIR MOST LIKELY LATENT CLASS PATTERN

  Latent Class
    Variable    Class

    C1             1             273          0.55263
                   2             221          0.44737
    C2             1             278          0.56275
                   2             216          0.43725
    C3             1             265          0.53644
                   2             229          0.46356
    C4             1             307          0.62146
                   2             187          0.37854


CLASSIFICATION QUALITY

     Entropy                         0.523


MODEL RESULTS

                                                    Two-Tailed
                    Estimate       S.E.  Est./S.E.    P-Value

Parameters in the Overall Part of the Model (Parameters Equal in All of the Classes)

 F        BY
    U11                2.805      0.251     11.180      0.000
    U12                6.775      2.135      3.173      0.002
    U21                2.805      0.251     11.180      0.000
    U22                6.775      2.135      3.173      0.002
    U31                2.805      0.251     11.180      0.000
    U32                6.775      2.135      3.173      0.002
    U41                2.805      0.251     11.180      0.000
    U42                6.775      2.135      3.173      0.002

 Means
    F                  0.000      0.000    999.000    999.000

 Variances
    F                  1.000      0.000    999.000    999.000

Parameters for Class-specific Model Parts of C1

Latent Class C1#1

 Thresholds
    U11$1              1.871      0.244      7.663      0.000
    U12$1              6.857      2.607      2.631      0.009

Latent Class C1#2

 Thresholds
    U11$1             -2.211      0.474     -4.669      0.000
    U12$1             -5.991      1.617     -3.706      0.000

Parameters for Class-specific Model Parts of C2

Latent Class C2#1

 Thresholds
    U21$1              1.871      0.244      7.663      0.000
    U22$1              6.857      2.607      2.631      0.009

Latent Class C2#2

 Thresholds
    U21$1             -2.211      0.474     -4.669      0.000
    U22$1             -5.991      1.617     -3.706      0.000

Parameters for Class-specific Model Parts of C3

Latent Class C3#1

 Thresholds
    U31$1              1.871      0.244      7.663      0.000
    U32$1              6.857      2.607      2.631      0.009

Latent Class C3#2

 Thresholds
    U31$1             -2.211      0.474     -4.669      0.000
    U32$1             -5.991      1.617     -3.706      0.000

Parameters for Class-specific Model Parts of C4

Latent Class C4#1

 Thresholds
    U41$1              1.871      0.244      7.663      0.000
    U42$1              6.857      2.607      2.631      0.009

Latent Class C4#2

 Thresholds
    U41$1             -2.211      0.474     -4.669      0.000
    U42$1             -5.991      1.617     -3.706      0.000

Categorical Latent Variables

 C4#1     ON
    C3#1               0.859      0.283      3.037      0.002

 C3#1     ON
    C2#1               0.859      0.283      3.037      0.002

 C2#1     ON
    C1#1               0.859      0.283      3.037      0.002

 Means
    C1#1               0.228      0.226      1.008      0.313
    C2#1              -0.056      0.204     -0.276      0.783
    C3#1              -0.056      0.204     -0.276      0.783
    C4#1              -0.056      0.204     -0.276      0.783


IRT PARAMETERIZATION

Latent Class Pattern 1 1 1 1

 Item Discriminations

 F        BY
    U11                2.805      0.251     11.180      0.000
    U12                6.775      2.135      3.173      0.002
    U21                2.805      0.251     11.180      0.000
    U22                6.775      2.135      3.173      0.002
    U31                2.805      0.251     11.180      0.000
    U32                6.775      2.135      3.173      0.002
    U41                2.805      0.251     11.180      0.000
    U42                6.775      2.135      3.173      0.002

 Means
    F                  0.000      0.000      0.000      1.000

 Item Difficulties
    U11                0.667      0.078      8.501      0.000
    U12                1.012      0.131      7.716      0.000
    U21                0.667      0.078      8.501      0.000
    U22                1.012      0.131      7.716      0.000
    U31                0.667      0.078      8.501      0.000
    U32                1.012      0.131      7.716      0.000
    U41                0.667      0.078      8.501      0.000
    U42                1.012      0.131      7.716      0.000

 Variances
    F                  1.000      0.000      0.000      1.000

Latent Class Pattern 1 1 1 2

 Item Discriminations

 F        BY
    U11                2.805      0.251     11.180      0.000
    U12                6.775      2.135      3.173      0.002
    U21                2.805      0.251     11.180      0.000
    U22                6.775      2.135      3.173      0.002
    U31                2.805      0.251     11.180      0.000
    U32                6.775      2.135      3.173      0.002
    U41                2.805      0.251     11.180      0.000
    U42                6.775      2.135      3.173      0.002

 Means
    F                  0.000      0.000      0.000      1.000

 Item Difficulties
    U11                0.667      0.078      8.501      0.000
    U12                1.012      0.131      7.716      0.000
    U21                0.667      0.078      8.501      0.000
    U22                1.012      0.131      7.716      0.000
    U31                0.667      0.078      8.501      0.000
    U32                1.012      0.131      7.716      0.000
    U41               -0.788      0.174     -4.526      0.000
    U42               -0.884      0.169     -5.235      0.000

 Variances
    F                  1.000      0.000      0.000      1.000

Latent Class Pattern 1 1 2 1

 Item Discriminations

 F        BY
    U11                2.805      0.251     11.180      0.000
    U12                6.775      2.135      3.173      0.002
    U21                2.805      0.251     11.180      0.000
    U22                6.775      2.135      3.173      0.002
    U31                2.805      0.251     11.180      0.000
    U32                6.775      2.135      3.173      0.002
    U41                2.805      0.251     11.180      0.000
    U42                6.775      2.135      3.173      0.002

 Means
    F                  0.000      0.000      0.000      1.000

 Item Difficulties
    U11                0.667      0.078      8.501      0.000
    U12                1.012      0.131      7.716      0.000
    U21                0.667      0.078      8.501      0.000
    U22                1.012      0.131      7.716      0.000
    U31               -0.788      0.174     -4.526      0.000
    U32               -0.884      0.169     -5.235      0.000
    U41                0.667      0.078      8.501      0.000
    U42                1.012      0.131      7.716      0.000

 Variances
    F                  1.000      0.000      0.000      1.000

Latent Class Pattern 1 1 2 2

 Item Discriminations

 F        BY
    U11                2.805      0.251     11.180      0.000
    U12                6.775      2.135      3.173      0.002
    U21                2.805      0.251     11.180      0.000
    U22                6.775      2.135      3.173      0.002
    U31                2.805      0.251     11.180      0.000
    U32                6.775      2.135      3.173      0.002
    U41                2.805      0.251     11.180      0.000
    U42                6.775      2.135      3.173      0.002

 Means
    F                  0.000      0.000      0.000      1.000

 Item Difficulties
    U11                0.667      0.078      8.501      0.000
    U12                1.012      0.131      7.716      0.000
    U21                0.667      0.078      8.501      0.000
    U22                1.012      0.131      7.716      0.000
    U31               -0.788      0.174     -4.526      0.000
    U32               -0.884      0.169     -5.235      0.000
    U41               -0.788      0.174     -4.526      0.000
    U42               -0.884      0.169     -5.235      0.000

 Variances
    F                  1.000      0.000      0.000      1.000

Latent Class Pattern 1 2 1 1

 Item Discriminations

 F        BY
    U11                2.805      0.251     11.180      0.000
    U12                6.775      2.135      3.173      0.002
    U21                2.805      0.251     11.180      0.000
    U22                6.775      2.135      3.173      0.002
    U31                2.805      0.251     11.180      0.000
    U32                6.775      2.135      3.173      0.002
    U41                2.805      0.251     11.180      0.000
    U42                6.775      2.135      3.173      0.002

 Means
    F                  0.000      0.000      0.000      1.000

 Item Difficulties
    U11                0.667      0.078      8.501      0.000
    U12                1.012      0.131      7.716      0.000
    U21               -0.788      0.174     -4.526      0.000
    U22               -0.884      0.169     -5.235      0.000
    U31                0.667      0.078      8.501      0.000
    U32                1.012      0.131      7.716      0.000
    U41                0.667      0.078      8.501      0.000
    U42                1.012      0.131      7.716      0.000

 Variances
    F                  1.000      0.000      0.000      1.000

Latent Class Pattern 1 2 1 2

 Item Discriminations

 F        BY
    U11                2.805      0.251     11.180      0.000
    U12                6.775      2.135      3.173      0.002
    U21                2.805      0.251     11.180      0.000
    U22                6.775      2.135      3.173      0.002
    U31                2.805      0.251     11.180      0.000
    U32                6.775      2.135      3.173      0.002
    U41                2.805      0.251     11.180      0.000
    U42                6.775      2.135      3.173      0.002

 Means
    F                  0.000      0.000      0.000      1.000

 Item Difficulties
    U11                0.667      0.078      8.501      0.000
    U12                1.012      0.131      7.716      0.000
    U21               -0.788      0.174     -4.526      0.000
    U22               -0.884      0.169     -5.235      0.000
    U31                0.667      0.078      8.501      0.000
    U32                1.012      0.131      7.716      0.000
    U41               -0.788      0.174     -4.526      0.000
    U42               -0.884      0.169     -5.235      0.000

 Variances
    F                  1.000      0.000      0.000      1.000

Latent Class Pattern 1 2 2 1

 Item Discriminations

 F        BY
    U11                2.805      0.251     11.180      0.000
    U12                6.775      2.135      3.173      0.002
    U21                2.805      0.251     11.180      0.000
    U22                6.775      2.135      3.173      0.002
    U31                2.805      0.251     11.180      0.000
    U32                6.775      2.135      3.173      0.002
    U41                2.805      0.251     11.180      0.000
    U42                6.775      2.135      3.173      0.002

 Means
    F                  0.000      0.000      0.000      1.000

 Item Difficulties
    U11                0.667      0.078      8.501      0.000
    U12                1.012      0.131      7.716      0.000
    U21               -0.788      0.174     -4.526      0.000
    U22               -0.884      0.169     -5.235      0.000
    U31               -0.788      0.174     -4.526      0.000
    U32               -0.884      0.169     -5.235      0.000
    U41                0.667      0.078      8.501      0.000
    U42                1.012      0.131      7.716      0.000

 Variances
    F                  1.000      0.000      0.000      1.000

Latent Class Pattern 1 2 2 2

 Item Discriminations

 F        BY
    U11                2.805      0.251     11.180      0.000
    U12                6.775      2.135      3.173      0.002
    U21                2.805      0.251     11.180      0.000
    U22                6.775      2.135      3.173      0.002
    U31                2.805      0.251     11.180      0.000
    U32                6.775      2.135      3.173      0.002
    U41                2.805      0.251     11.180      0.000
    U42                6.775      2.135      3.173      0.002

 Means
    F                  0.000      0.000      0.000      1.000

 Item Difficulties
    U11                0.667      0.078      8.501      0.000
    U12                1.012      0.131      7.716      0.000
    U21               -0.788      0.174     -4.526      0.000
    U22               -0.884      0.169     -5.235      0.000
    U31               -0.788      0.174     -4.526      0.000
    U32               -0.884      0.169     -5.235      0.000
    U41               -0.788      0.174     -4.526      0.000
    U42               -0.884      0.169     -5.235      0.000

 Variances
    F                  1.000      0.000      0.000      1.000

Latent Class Pattern 2 1 1 1

 Item Discriminations

 F        BY
    U11                2.805      0.251     11.180      0.000
    U12                6.775      2.135      3.173      0.002
    U21                2.805      0.251     11.180      0.000
    U22                6.775      2.135      3.173      0.002
    U31                2.805      0.251     11.180      0.000
    U32                6.775      2.135      3.173      0.002
    U41                2.805      0.251     11.180      0.000
    U42                6.775      2.135      3.173      0.002

 Means
    F                  0.000      0.000      0.000      1.000

 Item Difficulties
    U11               -0.788      0.174     -4.526      0.000
    U12               -0.884      0.169     -5.235      0.000
    U21                0.667      0.078      8.501      0.000
    U22                1.012      0.131      7.716      0.000
    U31                0.667      0.078      8.501      0.000
    U32                1.012      0.131      7.716      0.000
    U41                0.667      0.078      8.501      0.000
    U42                1.012      0.131      7.716      0.000

 Variances
    F                  1.000      0.000      0.000      1.000

Latent Class Pattern 2 1 1 2

 Item Discriminations

 F        BY
    U11                2.805      0.251     11.180      0.000
    U12                6.775      2.135      3.173      0.002
    U21                2.805      0.251     11.180      0.000
    U22                6.775      2.135      3.173      0.002
    U31                2.805      0.251     11.180      0.000
    U32                6.775      2.135      3.173      0.002
    U41                2.805      0.251     11.180      0.000
    U42                6.775      2.135      3.173      0.002

 Means
    F                  0.000      0.000      0.000      1.000

 Item Difficulties
    U11               -0.788      0.174     -4.526      0.000
    U12               -0.884      0.169     -5.235      0.000
    U21                0.667      0.078      8.501      0.000
    U22                1.012      0.131      7.716      0.000
    U31                0.667      0.078      8.501      0.000
    U32                1.012      0.131      7.716      0.000
    U41               -0.788      0.174     -4.526      0.000
    U42               -0.884      0.169     -5.235      0.000

 Variances
    F                  1.000      0.000      0.000      1.000

Latent Class Pattern 2 1 2 1

 Item Discriminations

 F        BY
    U11                2.805      0.251     11.180      0.000
    U12                6.775      2.135      3.173      0.002
    U21                2.805      0.251     11.180      0.000
    U22                6.775      2.135      3.173      0.002
    U31                2.805      0.251     11.180      0.000
    U32                6.775      2.135      3.173      0.002
    U41                2.805      0.251     11.180      0.000
    U42                6.775      2.135      3.173      0.002

 Means
    F                  0.000      0.000      0.000      1.000

 Item Difficulties
    U11               -0.788      0.174     -4.526      0.000
    U12               -0.884      0.169     -5.235      0.000
    U21                0.667      0.078      8.501      0.000
    U22                1.012      0.131      7.716      0.000
    U31               -0.788      0.174     -4.526      0.000
    U32               -0.884      0.169     -5.235      0.000
    U41                0.667      0.078      8.501      0.000
    U42                1.012      0.131      7.716      0.000

 Variances
    F                  1.000      0.000      0.000      1.000

Latent Class Pattern 2 1 2 2

 Item Discriminations

 F        BY
    U11                2.805      0.251     11.180      0.000
    U12                6.775      2.135      3.173      0.002
    U21                2.805      0.251     11.180      0.000
    U22                6.775      2.135      3.173      0.002
    U31                2.805      0.251     11.180      0.000
    U32                6.775      2.135      3.173      0.002
    U41                2.805      0.251     11.180      0.000
    U42                6.775      2.135      3.173      0.002

 Means
    F                  0.000      0.000      0.000      1.000

 Item Difficulties
    U11               -0.788      0.174     -4.526      0.000
    U12               -0.884      0.169     -5.235      0.000
    U21                0.667      0.078      8.501      0.000
    U22                1.012      0.131      7.716      0.000
    U31               -0.788      0.174     -4.526      0.000
    U32               -0.884      0.169     -5.235      0.000
    U41               -0.788      0.174     -4.526      0.000
    U42               -0.884      0.169     -5.235      0.000

 Variances
    F                  1.000      0.000      0.000      1.000

Latent Class Pattern 2 2 1 1

 Item Discriminations

 F        BY
    U11                2.805      0.251     11.180      0.000
    U12                6.775      2.135      3.173      0.002
    U21                2.805      0.251     11.180      0.000
    U22                6.775      2.135      3.173      0.002
    U31                2.805      0.251     11.180      0.000
    U32                6.775      2.135      3.173      0.002
    U41                2.805      0.251     11.180      0.000
    U42                6.775      2.135      3.173      0.002

 Means
    F                  0.000      0.000      0.000      1.000

 Item Difficulties
    U11               -0.788      0.174     -4.526      0.000
    U12               -0.884      0.169     -5.235      0.000
    U21               -0.788      0.174     -4.526      0.000
    U22               -0.884      0.169     -5.235      0.000
    U31                0.667      0.078      8.501      0.000
    U32                1.012      0.131      7.716      0.000
    U41                0.667      0.078      8.501      0.000
    U42                1.012      0.131      7.716      0.000

 Variances
    F                  1.000      0.000      0.000      1.000

Latent Class Pattern 2 2 1 2

 Item Discriminations

 F        BY
    U11                2.805      0.251     11.180      0.000
    U12                6.775      2.135      3.173      0.002
    U21                2.805      0.251     11.180      0.000
    U22                6.775      2.135      3.173      0.002
    U31                2.805      0.251     11.180      0.000
    U32                6.775      2.135      3.173      0.002
    U41                2.805      0.251     11.180      0.000
    U42                6.775      2.135      3.173      0.002

 Means
    F                  0.000      0.000      0.000      1.000

 Item Difficulties
    U11               -0.788      0.174     -4.526      0.000
    U12               -0.884      0.169     -5.235      0.000
    U21               -0.788      0.174     -4.526      0.000
    U22               -0.884      0.169     -5.235      0.000
    U31                0.667      0.078      8.501      0.000
    U32                1.012      0.131      7.716      0.000
    U41               -0.788      0.174     -4.526      0.000
    U42               -0.884      0.169     -5.235      0.000

 Variances
    F                  1.000      0.000      0.000      1.000

Latent Class Pattern 2 2 2 1

 Item Discriminations

 F        BY
    U11                2.805      0.251     11.180      0.000
    U12                6.775      2.135      3.173      0.002
    U21                2.805      0.251     11.180      0.000
    U22                6.775      2.135      3.173      0.002
    U31                2.805      0.251     11.180      0.000
    U32                6.775      2.135      3.173      0.002
    U41                2.805      0.251     11.180      0.000
    U42                6.775      2.135      3.173      0.002

 Means
    F                  0.000      0.000      0.000      1.000

 Item Difficulties
    U11               -0.788      0.174     -4.526      0.000
    U12               -0.884      0.169     -5.235      0.000
    U21               -0.788      0.174     -4.526      0.000
    U22               -0.884      0.169     -5.235      0.000
    U31               -0.788      0.174     -4.526      0.000
    U32               -0.884      0.169     -5.235      0.000
    U41                0.667      0.078      8.501      0.000
    U42                1.012      0.131      7.716      0.000

 Variances
    F                  1.000      0.000      0.000      1.000

Latent Class Pattern 2 2 2 2

 Item Discriminations

 F        BY
    U11                2.805      0.251     11.180      0.000
    U12                6.775      2.135      3.173      0.002
    U21                2.805      0.251     11.180      0.000
    U22                6.775      2.135      3.173      0.002
    U31                2.805      0.251     11.180      0.000
    U32                6.775      2.135      3.173      0.002
    U41                2.805      0.251     11.180      0.000
    U42                6.775      2.135      3.173      0.002

 Means
    F                  0.000      0.000      0.000      1.000

 Item Difficulties
    U11               -0.788      0.174     -4.526      0.000
    U12               -0.884      0.169     -5.235      0.000
    U21               -0.788      0.174     -4.526      0.000
    U22               -0.884      0.169     -5.235      0.000
    U31               -0.788      0.174     -4.526      0.000
    U32               -0.884      0.169     -5.235      0.000
    U41               -0.788      0.174     -4.526      0.000
    U42               -0.884      0.169     -5.235      0.000

 Variances
    F                  1.000      0.000      0.000      1.000


RESULTS IN PROBABILITY SCALE

                    Estimate

Results for Class-specific Model Parts of C1

Latent Class C1#1

 U11
    Category 1         0.714
    Category 2         0.286
 U12
    Category 1         0.836
    Category 2         0.164

Latent Class C1#2

 U11
    Category 1         0.252
    Category 2         0.748
 U12
    Category 1         0.196
    Category 2         0.804

Results for Class-specific Model Parts of C2

Latent Class C2#1

 U21
    Category 1         0.714
    Category 2         0.286
 U22
    Category 1         0.836
    Category 2         0.164

Latent Class C2#2

 U21
    Category 1         0.252
    Category 2         0.748
 U22
    Category 1         0.196
    Category 2         0.804

Results for Class-specific Model Parts of C3

Latent Class C3#1

 U31
    Category 1         0.714
    Category 2         0.286
 U32
    Category 1         0.836
    Category 2         0.164

Latent Class C3#2

 U31
    Category 1         0.252
    Category 2         0.748
 U32
    Category 1         0.196
    Category 2         0.804

Results for Class-specific Model Parts of C4

Latent Class C4#1

 U41
    Category 1         0.714
    Category 2         0.286
 U42
    Category 1         0.836
    Category 2         0.164

Latent Class C4#2

 U41
    Category 1         0.252
    Category 2         0.748
 U42
    Category 1         0.196
    Category 2         0.804


QUALITY OF NUMERICAL RESULTS

     Condition Number for the Information Matrix              0.564E-03
       (ratio of smallest to largest eigenvalue)


TECHNICAL 1 OUTPUT


     PARAMETER SPECIFICATION FOR LATENT CLASS PATTERN 1 1 1 1


           NU
              U11           U12           U21           U22           U31
              ________      ________      ________      ________      ________
                    0             0             0             0             0


           NU
              U32           U41           U42
              ________      ________      ________
                    0             0             0


           LAMBDA
              F
              ________
 U11                1
 U12                2
 U21                1
 U22                2
 U31                1
 U32                2
 U41                1
 U42                2


           THETA
              U11           U12           U21           U22           U31
              ________      ________      ________      ________      ________
 U11                0
